7837222666
9022834900
9956012050
9930349384
9768709033
8080805915
8879979813
9326657245
7990473939
9029250227
9136745118
9699838398
7304135136
8454065990
7977164150
8419999138
9326257484
8045248100
7021711960
9970846767
9619680357
8767828184
9867096095
9137273838
9320008055
9004307595
9004998998
9167565675
9561050520
9819439878
9833463615
9326060336
8356955390
9222221265
9512341234
9321000507
9082807395
8169177520
9833601660
7290095802
9553073030
9819674832
9920545474
9137127733
9321320449
9867650091
9324935668
9000153980
8001217474
9867348165
8779045565
9821188325
7208239883
9619614200
8879909854
9820824822
9920003143
9372887526
9967693137
9820065626
8451869658
9167495445
9773697767
9769056073
9022486774
8169156382
8928089641
9992220763
7715971555
8850687739
9769112748
8452854777
9167539095
9920557806
8652143702
8002701950
9998497292
7875676252
9768772716
7045464718
8828010397
9019029029
9769354957
9158934318
9967913755
8097639013
8062916803
9820362982
9819975818
9082087611
9152004949
9152002004
9867412334
9892272816
9324516326
9892981714
9892115503
9324625627
9920038921
9920608010
9321330557
8793610885
9653131251
9167528552
8369201721
9702225152
9004090941
9833074070
9321983105
7666974557
8879994961
8047631628
9619817066
9768282501
9082907433
8046063910
9702414104
9930292537
9819704230
9594641772
8047547027
9833826647
9870006264
9859789444
9892200696
7045358508
9665567408
9867632715
9321288415
9920085309
9004060454
8104218859
9422212308
9322839035
9156180900
8983900282
8180819004
8698670111
9021322193
8600412888
7385409212
8087450505
9890906875
8796628269
9822269769
9999465257
8980845212
8237678474
7219795742
8582093759
8605865406
9112667914
8983500409
8484977200
7378989996
9822829431
9922261495
9022634413
9075474024
8275940972
7218065550
8446548961
9975214329
8048602961
9850985939
9922478652
9422035795
8390557332
7385637086
7378303558
9325793485
7507347777
9172616363
9011072655
9762170330
8208689283
9850111786
9921179175
9689888201
7769090813
9518965404
9637072588
7397980242
8500890123
9604568533
9860773212
8767477102
8042783377
8766697853
7770060908
9825087673
7021992300
9372523237
8689996996
9653299928
7745040057
8169459552
9980469883
9833368284
9320261511
9988994677
7385928948
8001088586
7744055531
9049731763
8806006552
9004336036
9822975901
9321059944
8485054552
7386568230
8048035006
7687860313
9321110066
9890730140
9763699900
9594220586
7588724944
9326743938
8169709884
8888772441
9922689225
9819570211
7666816882
8329115090
7798234598
7875294904
9823331155
9823744239
9673008748
9049395723
9204888018
7276015298
8795091295
7405308000
8237200888
8888861619
9082177034
9834672816
7040294514
9404118681
7276411414
9172402789
9664097074
9975360805
9011031395
9004043991
9326282125
8554997709
7875188286
9137429205
9637210996
9930329380
8888508109
7350321321
9820986629
8451876786
7738744023
9850800063
9819952683
9168661541
9881710061
9699240145
8691000085
7600100340
9769279303
9090809052
9769767474
7506522210
7715930813
7039111777
7045864712
9773455735
9004862670
9076824534
8879966440
7089154077
8286114600
9326115676
9867624369
9322673599
7304852159
9766622389
9930014730
9222997066
9673131333
9975833022
9137394778
7397958113
8104855903
8451820012
8450918790
9833392329
9975360548
9136488855
7030379215
9819132481
9833716071
9152676364
9867330421
7718901119
8879051606
8369549939
8657900860
9833099690
8652300965
8169194621
9076103325
8691916782
9167244619
9773788366
8071820133
9004344101
9421871421
8070676161
8097386318
7039785186
8976001191
9820130161
9004049390
8108036576
9930734324
8108872427
9967278477
8090020070
9322946978
9029746765
8605940276
8591177088
9820855667
7738541878
9820394409
9029805522
9920943438
9930119370
8928076705
9768011226
9833365369
9820068099
9323887882
9987734354
9029532556
8655228747
9969310989
9619482007
8108161305
9594068358
9594598959
9987333931
9619484168
9602331668
9920404359
8424020290
8879790825
9833058239
8850854241
9136501678
8046043312
9820124517
9152208080
9503333287
9833613327
9323166423
9967400003
9689451354
9819559035
9967639744
9322284599
7498981703
9920633891
8591295549
7720829444
7977698427
8356950628
8080225363
8108406610
9763196197
9930894895
9869831680
9820211269
8976500942
8369285199
8484098997
8369080480
9850015552
9356939466
9867388881
8108329445
7021609902
8879141176
8879685207
7666777390
9404999255
9870634815
9322413762
9969535428
9423584060
9869007312
9967115806
9821313600
8433842619
7045616744
9322379993
8698682222
8451934343
9769578243
8378998954
9619771158
9320505040
9606350000
7738584949
7721971097
7420920885
8097969157
9860305161
9920802651
9322130691
8149827086
8080565429
9172757053
9967693333
9892973721
9594534316
9821137594
9224410000
7400498525
9067902322
9920726955
7972480365
8655589422
9167270027
7977610883
7290092205
9421904476
9664742158
9967522424
9967797773
9594338584
9167679535
9920871905
9619953988
9822232985
9869602852
9137395718
7720961234
9820710499
9757352538
9850275015
9819533634
7290096076
9619147640
9158741205
9833089277
9323873157
7588072436
9820651717
9223373963
9921685888
9224259205
8828081057
9305401469
9987003674
8795200400
8652587603
7506716516
8975907907
8356865866
9766111207
9820416375
9702266662
8070609010
7559363032
8796274844
8922900168
9820728388
8268981631
9967821948
9833411532
9769762503
9022162449
9321986411
8291085053
9321390986
8788315640
8044953386
9220161411
9987044889
7400075943
9657178111
9561115497
9272222317
9607009507
9820545957
8467812345
9820600684
7900117893
9819029200
9762889672
9820935312
9619975076
7045572295
9769890420
8080237616
9820934934
7039021191
9987786287
9920289340
9372020354
8286131122
9867888271
7045835386
8907090704
8080808927
8369431208
9833953055
8828770202
7506471392
9967757915
7700901113
9545533461
7208540522
8879948999
9773686360
8828456779
8080488144
7742913755
8108036868
9987941202
9867909941
7506372987
9076307775
9322299099
7905365347
6126714911
9702424718
7674897701
8828276790
9324362304
7718963774
9819156003
8452988178
7506981210
9820426093
9619775141
8652224000
9588665568
9664897329
9468052228
9320073725
8104646651
9975404685
9869664658
9930437759
9921048148
8108730657
9930192705
8356946001
7350139444
9820044965
9821252911
9004199987
8686005151
7722005530
7277440011
8879741241
7815855555
9607001950
8484061252
8806090099
7738149129
8898940707
7517463846
9890210700
9930355384
6000260028
9931128892
8291111005
9768024760
8693006001
9820978071
9321622477
9326969962
8369637656
9821757571
9920401743
8657510882
7208567804
8928453087
8928889327
8268627890
8097969199
8850084755
8652726968
7900181234
9326069974
9167004856
9820320086
8001030260
9820658397
9324942145
7358444961
9322249216
9619633221
8591076335
8291934801
7875588899
8767876549
7977775825
9004566257
9930201201
9967339118
9819845070
8291054910
9920956325
9820020714
9820611667
9004552539
9890677006
8655973366
8530025134
7738740019
8356929194
9608634662
9594898888
9820009175
9820125836
8108662281
9773237359
9889889771
9967563885
9821521781
9930675524
8045815398
8070056777
9867867743
9892033486
9324604678
9869128640
8433730625
8605801807
8779849160
9819437758
9004480007
9769713539
7249640724
9637769105
9320842356
9820090968
8983223850
9922719117
9529000309
7058782520
9029284687
7007824024
7738461004
8796788720
7021408384
9689890296
9930788126
8433563929
7506321599
8655857606
9960082380
9833889336
7304790978
7038734715
9619162010
9324631919
9503838498
8976144102
7776858169
8655540372
9833900545
8048603729
8108901814
9137374252
8828141102
7276772464
8390895643
9773030888
9763831991
8071889621
7276119875
8302656234
8879049682
9702542747
9226220103
9322447570
7597477790
8369062827
9920641115
9137051322
7080672363
9416068110
7498041540
9867747779
8108525656
8828048803
7208568913
9004033102
9619773983
9323107644
9136641668
9833722508
9028362996
9152991731
9503282401
8233731642
7039640068
8087685647
9987209787
9545254242
8600141757
9936894526
9867217879
9833686042
9322057597
9930576937
8048964777
9870333205
9699791601
9137598143
9607002140
9819968648
9607848080
9819852494
9702861969
8087106042
9321080822
9834093644
8767072226
7021091434
8779773878
8693870004
9930557123
7678096887
8698893301
8291084881
8828963655
9607003340
8689966868
8898508644
8452005198
8530980555
9307909030
9822744058
9322834564
8001207066
8668786946
7276539538
9371028907
9371804300
8788538939
8087279615
8048250488
9822680782
9370145102
9423003944
9372222593
9890760696
8879885781
8888832485
9970198331
9604858282
9422525153
8796863350
9527254347
8591261746
9324341057
9833388803
8103777999
7719815333
9867775455
7350238873
9930611606
8591290571
9930154583
9920648428
9819858091
8097918482
8850500399
9820922356
9702145446
9869333007
9819413693
9820433247
9004161315
9221401413
9821768766
9833884140
7977956250
8767627124
9820999886
9870688130
9828244990
9920790011
9769381737
9167246768
9769664444
9920161493
8879764125
7045550100
8433959100
9167349950
9321594939
8520020027
9870201624
9820648138
8828034080
8424094321
9869769182
9322013575
7506565290
9136040507
9987502666
7796505050
8744910045
9619952722
7710027104
8104520004
9892349213
9222213191
8097727001
8043892668
9082353477
9892940305
9820157340
9702993984
8432701000
9773283587
9892080937
7208670534
9369398206
7715815809
8433555118
9757092220
8530470862
8800900009
9987207826
9987794974
9004879560
8369968861
9833156759
9810012345
9144465444
8879682863
9987162383
9967908921
9822910637
9324868580
8208907162
7666605362
9763823045
8804555533
9921957070
7385414979
7949121728
7722025566
9689421213
9405300249
8888592977
7219305466
8857819125
8308490817
7720056295
9096842561
8956777256
9819186318
7385818805
9607055959
9822272229
9552211222
9070004242
7756028685
9270371032
9130710902
9922512000
8600340286
8850832351
7021500700
9665351951
9769001749
9920757462
9867107803
7400256736
9004045169
9821025411
9870226161
9819562406
9833828919
8080806939
7021994264
8104683604
9136055575
9272645798
9820598747
9133561182
9139091031
9152012503
9320782000
8356892231
8080892888
8898982482
8070222333
8888007777
9920345658
7021956841
9503357739
9137730758
8080605001
9702935768
9892308876
9022270866
9819893278
8779781349
9321430495
9960194600
9967477530
9820475210
7498294308
9820303947
9322533838
8802444478
8983839985
9904770107
9823311036
8433519113
9867320011
9769713213
8928565452
9152093903
9225132218
7021844804
9767742070
7666153456
9768652418
9422094430
9011179396
7400239522
8080458617
7506355051
8097973463
9372775984
8291226595
9967989378
8237920570
9902599025
9324303386
9619429473
8828119625
9004638435
9270544486
8104233706
8652444441
7666618500
8097555522
8879299338
8796146415
8689909834
8424025520
9892422095
8850408409
9892618124
9850750202
9819674235
7738384680
9136931664
9987197419
6394550380
7788088088
9765808515
9833763204
9322111137
9892757584
8828826111
7410135286
7400030609
9967065070
8080603535
8655211174
8260731670
9766399661
7400050414
8591541103
9619995500
8082021786
9820250301
9768384525
9619094879
9867344274
9224447024
8655265526
9930004660
9892567406
9324314907
8104423030
8268333435
9867456824
9833989897
9221484278
9870917929
9167606095
8928003933
9220510518
8080280396
9702546637
9323407002
9004628809
9870109892
9867212754
9820473376
8108023682
8005530844
9967357197
9324243011
8291933440
9354847531
9820611775
7715015077
7733003882
9730459584
8698797007
9090852323
7038027766
9002900415
8177989663
8329551418
9175161740
8237269159
7976080526
8805048770
9561095527
8975750673
9673364446
9822852267
9404893229
9922992286
8275311644
9860691235
9890985521
9823779837
8605622211
9511275879
8069248346
8308300637
9158864131
8421211030
8083555511
8080426776
8888385824
9326405365
9890806087
9225535365
9922020629
8828305859
9820966773
9114519114
9022275597
8369192556
8433784385
9987054001
7045749389
9321296316
9167037736
9833968001
7900001426
9869424137
9969163435
9082344824
9930047301
7977267559
8888820222
9221053783
7208841258
9324948988
9137881088
8169670334
9920555194
9967040186
8169117549
7303188310
8879871418
9820686116
9172711111
8976266957
7777097591
9930407588
9179791755
9892727297
8268546666
9819698585
9773344427
9892630928
9004454655
9584287434
9833558484
9619314519
8291441123
9029324681
8454959518
9898064412
9175034075
9321660658
8369827440
8169032537
7045543120
8080802244
9619111779
8888870257
8037002311
8899770033
8767781818
9987579189
9594242056
8591888520
9833858149
8591128758
8976840713
9594994020
9869643822
8108863646
8698615550
8779007554
8884978971
8976607702
8591032398
9970887085
8291267037
9324001786
9503777888
9022504680
7977738303
7304902529
9619848154
8069867504
9821135426
7304303300
8422881156
9869525065
9821054556
9321660272
7738041138
9136780939
9820027382
9867012882
9619766056
9167912706
9321766322
9987479542
7023994513
9004696115
8652508379
7977068346
8108858123
8433776112
9773619717
9702072939
9322336033
9833098558
9867700481
8693833311
9769391982
7977955961
7977813960
9136644013
8080231775
9930200452
9090040808
9987125482
9870670504
9820525990
9022130614
9136738892
9820439561
9029920299
8850506597
9892598001
9730067157
8850732880
8976336699
9096508064
8600867903
9823614935
8779672574
9322545675
8044939094
9503919177
9764573811
7822843157
9322616565
9975230180
7972160578
9769181473
9270176361
7666341896
9653289082
9270529352
7620527986
7666598228
7276729686
9890120194
9975898911
9322158029
9892262575
9082759136
9594357517
8369259569
9821402250
9137274873
9930354440
7305005807
9930296163
9324243449
9029013464
9082205368
9137589117
9450459999
9011760622
9323106528
7057818740
9921648100
8069867503
9970776655
9226424805
9822406134
9323111333
9822656823
7773922920
9359218484
8459043278
8433776117
9822770205
9404183005
9850883405
9028192960
8180895542
7020344557
7021504847
8879128502
9764044761
9284914785
8484987682
7738666094
9359719673
9000073676
9440166607
8341627695
7396050658
9966308382
9550083888
9440282992
8944255499
9440105447
9966229367
8108138000
9908882911
8985485421
9848198449
9849127732
8501010727
9393111886
9550064791
8106306606
7824812121
9849199779
9885603618
7045457770
8074797081
9291244874
9705917333
8069867570
9298355575
6281901080
9441920401
9390399793
8639471172
8639922925
9000951310
9963498652
9908333000
8919617664
8071264861
9390488898
9640648999
9553550477
8333000555
9866049933
9248017375
9177986981
8071326901
7780705750
8002587555
8801722428
9885448768
7780205660
8069865888
9246401807
8309150295
7337333342
7416411901
8666993058
8861096126
9392111995
9030321047
8666632123
9490884577
8885513619
9247894177
9873567620
9248192471
9392034900
9182563503
8662574798
6300455025
8074771531
9966032786
9676427241
9966822871
9652124433
9912714786
9704505678
7550055551
9393779988
8919900394
9848246429
8662491044
7735282131
9866224405
8662433395
9342967344
8712232323
9246497262
9542066789
7842116103
9985837387
9885347440
9440001775
9441051206
9632561008
9618858303
7799095321
8328345004
8071408350
8247479969
7386006066
9980689218
8982342346
8037002687
8634059223
9848286408
7569197439
8143843716
8790496562
8019887926
9393023736
9032255571
7799357327
9873546782
9963392372
9849123299
9121345123
8465061964
9963122526
8037002387
9133338691
9133338692
9948265234
7993184643
7095429977
9704770379
9440210910
9866437141
9642612143
9949643219
9000980887
9014909010
7338117138
9491827704
9959964648
9885836045
9167984737
6281711405
8612377666
9989980815
9014932336
9849096647
9281438587
9440283217
8977918118
8125464938
9916027378
8019190319
9912475116
9399911099
8247498760
9177368284
9912200000
9121014232
9676999711
7799234567
9700071345
8071639210
8125586098
9704824156
9949252444
9949945071
9701694139
9177628278
9963014388
7842418136
9381557508
7995467054
9032643637
9392929223
9703560177
8341346134
9100389588
7093344200
8886679171
8005997800
6305716311
8121046777
9873568560
9959900814
7093405887
9550038885
9000886595
9441684279
8978915344
9986499853
9441782272
8655610773
9700271446
9160160192
7942811882
9703195540
9985345391
8500250505
8071629665
9866283786
9885839505
9840346985
9959894725
9441206986
9440846513
8688668099
9985042889
8328493040
9393979794
7019398570
8143685353
9966221286
9160774777
7702062456
9573461270
8069867572
9440250863
9885228950
9619086037
9429692121
7569015511
7671868003
8772251677
9966771121
9866868853
8977716851
9966129199
8071639207
8885336488
9866243104
9246350543
9866604616
8985674728
8428045537
9618138625
8639437411
9133642272
9505445555
8885412654
9347519536
9550113499
9963626567
9398079379
8500318226
7981893136
9491929210
9000988012
8328169150
9848087109
8046333629
9866546118
6300065986
9440205326
8099822487
9848984598
9966000798
9963191769
9494412466
9948369057
7674903083
8309800600
9873498534
8885322283
7842415527
9949074312
9966916700
8341236954
9381467382
9849794317
9397888799
9849905294
8048740473
8071640074
8019992800
9347149457
8328577669
9912864888
8309645014
6281831149
8037002434
9100566503
9177731139
9247832426
8639508222
9553011305
9445888336
9705676561
9542103111
8886989992
7774948777
9700236387
6281168697
9167076203
9440047081
8096657572
8069866711
9848152177
8518241234
7981493529
9985208077
9849599517
7386126234
7799368546
8328620921
8074414734
8096751369
9494414989
9493660909
9493536996
9848768351
9948151548
9494403737
8037907640
9440383269
9663415366
9032638173
9490615039
6309797477
8500773434
8897887885
9550122759
9000159651
7995607080
8499901653
9885250915
9949379737
9873498481
9505600402
9293789489
9885898203
9949202441
8518259004
6304903878
9247795546
7995099582
9703122432
7730831722
9966852286
9030709768
9167984835
8008002792
8037002541
8341723230
9289062307
9491186637
9459451991
9550550060
9133403039
9014116724
9440014617
7995182555
7039001496
8944255403
6301050436
8886443866
8041017532
7997923262
8562251214
9246941444
9866693615
9494509890
9440564635
7416390066
9100080102
9246642333
7288999999
8071889798
8657568649
9493449392
9246634589
7680803368
9246624406
8886841999
9963866664
8885557678
9533393738
9052360516
9247871397
8639909690
8500504333
9866869296
8121555503
9550299953
9701810326
9642418070
8922270799
8944252244
9951832346
9652010423
8008937637
7416173449
7995122234
9912568200
9247269900
6302741855
9948118782
9701490190
8376888888
8328446681
9985338955
9885655635
9281020919
9177854868
8501007511
9666788501
9441894258
7036338999
8497979185
9491947792
9248017126
7070080883
9448216228
9642079903
8002103311
9440073709
9133551082
8247253669
6302709901
8884375559
9393814182
9052779781
9059624943
9700683678
9963222340
9603058345
8179271359
8562244456
8985798523
9618126552
8520028580
7411781318
9866351153
9494582202
9949101106
9652765766
9440383214
8562456260
9703261888
9949990277
6302386028
8037002315
9160960012
7842707544
8106962752
6301174565
8041017538
9963505108
8879934386
9885046589
7304053032
9121141021
9885925758
9493023038
7904812147
8554319747
7901311123
9550171714
7416462317
9849981825
9441072882
9440073448
9110368918
9704209591
9849540079
7013502295
7013258506
8099822001
9505600430
8555969615
7386665666
9885552457
9966449628
8885552888
9703368890
9440951999
7942844896
7989233768
9577566999
9133338976
9292252880
9949758743
9642424299
9989554567
9293953266
9848398483
9393333665
9298112244
9533667666
9291341333
9392113293
9346226884
8048982832
9440535848
9581108999
9848788399
8297551818
9182872153
9581223311
8803232323
9704051420
9247505570
9948611116
9052597366
9063857857
9346840209
9866026648
8247048766
9966004406
9339338339
7330859003
9014453708
7893846301
9052523360
9849555848
9502681629
8897163840
9014998262
9160691000
6300678826
8951642257
9700241009
9912711043
8605005555
8522037680
9494365558
9398784262
9121212121
9989872073
9949630620
9030265187
9441511122
9441444991
7732007739
9177304599
8071640571
6301158488
8712929919
8106811171
8554470382
6281290822
9866062139
9246666211
7702775499
8041017608
9030478802
8374567323
9885365634
7997667111
9505777297
9154777773
9640969701
8554312331
9908591140
8554221314
9989319069
9182782870
9493504399
7416295942
7729080222
9010048930
8500051811
9885185617
9160672762
9440216388
9849360925
9000085868
8978265777
9000664439
8291094468
9948403625
8074176733
8074870109
6302849387
9014507363
9295708960
9704642560
8048968282
7331124249
7842811325
7942762702
8836662291
9581207550
8639634996
9440532918
8044939699
9676716340
8886657985
9963126567
8044939690
9059444559
9966437927
9989707906
7411781317
8639811195
7598074707
8578222240
7989975299
8578222494
9848117262
9908758148
9848365993
9553751507
7286869666
7893871997
9985130979
9391450660
9848497964
9390336339
9703519828
9440593938
9169849999
9391364250
9849563496
9848392609
9704346123
9494046530
9701606471
9494229192
9493767680
9502759549
7093327534
7337555896
8099927877
7947479761
9014206868
9989816229
7702730242
9849029273
9908232129
8639498197
9666618459
9948533395
9392436480
8639044990
9550814224
9121179864
9246589252
9246464641
9360779999
9873573220
8977211242
9440363487
8499985152
7207202170
7075176974
8005995555
7993527535
9177145424
9391996060
8688603428
9121811233
9133004444
7285919381
9550240828
9966227622
8179653458
9885773633
9030985551
8247298018
9885747552
9493524718
9440352185
9392653750
8978812640
7730020387
9440255545
9032902468
8885645550
9949767383
8291093658
9440455087
9110715599
8686611666
9440936999
9553792299
9000162206
8019993450
7331122985
9000624429
9035054467
7330834446
9848535481
9989070554
8846667666
9441274374
8500121003
9030989690
8037907619
8071889672
9553469215
7396804004
8978380437
9951587060
9666968665
9025424477
9490853348
9936784588
9704021188
9885680280
8008663335
8019459855
8885401242
8121934811
9652545426
9494652523
9885444523
8612345444
8686764964
7306111133
8885805500
7780126778
9873560825
9000992991
9581117722
7382926465
9246466266
9848388175
9966637552
8842955295
9550455757
9676595999
8008877299
7207244404
7893961550
8500651117
9848848625
8500057116
9136935555
9398419494
9848802082
9391254958
9030281221
9640707387
9014908165
7093565754
9182779142
8044939684
8497933999
9985023838
8886222869
8505937171
6369706147
9030303111
8977441997
9440094362
9440447020
7601095976
7893904599
8367585797
9515342222
8612330462
9618222233
9848154861
7013848282
9704555177
8885588256
8639776677
8812235057
8612320645
9666373132
9491708833
9951333296
8688072281
8048740435
9700878092
9052206830
9845577591
8897201851
9951671969
9390598091
9440953794
9849493392
9908890513
9505129999
9849393848
7702443270
9381776416
9848473884
8179771242
6309666789
7416831816
8341733606
9848065131
7241122333
8367053765
7659015999
8806666888
9866644425
9652966144
9566271994
8656236789
8688425875
9701034803
9652405547
9848518532
8037016328
9848894899
9492340919
9885198001
8008577333
8812222468
9573760879
8812234977
9704779640
9848335659
9032660333
9397684691
7337441951
7989714518
8776679999
9290208344
9553316799
9959384684
8662570005
8071889801
7993661399
7207505370
9666066973
9392973265
8247745344
9848607110
8019244255
9989772558
9100455666
9966600050
8836662944
8812241848
9700414116
9704450408
9848536633
8885500669
9066373163
9505130953
9908466099
9490677131
9398311004
9533799933
9856525999
9393626989
9182894285
9966062884
7207267226
9133895969
9963670555
9493990837
8978192347
8143119677
9908379577
9553320446
7207733335
9177723335
9393769996
9441109327
8096903000
8885757155
7995678997
9908401192
9122721098
8919680708
9490003311
9989575290
9603999039
9701037176
7328912345
9989343866
6303077504
9848688593
9963172828
8686858126
9059329121
9167071738
9502212283
7036091744
9247681652
8367217327
7013609740
9494404318
8688782900
9908327126
8985691818
7893764524
8688194881
7981298221
8552250444
7942845837
7070569742
9133448419
9666692349
8886657987
9885582512
9866252014
9949107184
9248641777
7893160714
8985089224
8247514148
9731103515
8500362936
9700700909
9603155999
9666831220
7807702595
9985179917
9393600103
9177441933
9659625555
8019773771
6304165312
9989514282
9440511287
8885322888
9292157157
8130302708
9248389577
9666466795
8121434696
9121093621
8143999680
9948796579
7552658822
9989492409
8309107736
7602224449
9985558488
8071639209
9959460778
8518442525
9848599242
7416162763
9030406787
8074933765
7382289902
9951133784
9849350328
6303683142
7330722338
8333848666
9182045083
9581378999
8790768865
7013819342
8106724151
9873570193
8552200421
9533371797
9948381517
8247572758
9441005963
9440813381
6304051793
8897945452
9000670746
8590076831
8495252029
9491118786
9000954108
9491460606
9885332911
9160033309
9912121290
8121288008
9490348969
9885307787
8506063948
8885665780
7659927777
8048740441
9885812827
8686083408
7075425750
9059465655
9121634576
9391510414
9440569106
9160829786
8886657991
7569680826
8037394929
8037002469
7337338251
9246596777
9505004844
9182351795
9790331299
9000372695
8500140841
9740737943
8897708567
9154793851
9440729131
6300968941
9597835978
8048740464
8015898780
9154540792
8812251227
8008200620
9111442294
7204667968
9032949939
8071639216
9866965385
7013373600
9866944516
9948152365
9550500999
9966875037
9908869896
9848377522
9652395356
6300273806
7386045091
9010708064
8885757199
7993062971
8886663002
7569944444
9515355831
9000422205
9000222312
8309146032
9014330381
9347314037
9704414300
8125343499
9599819940
8790208608
8071889667
9848012326
9908819442
9959989891
9052552023
9952352985
9247277353
9606979366
9885091189
9642490425
9490033067
9573686633
8985336905
9281477765
8074669618
6301113940
9290028915
7382237855
9110734815
9063387665
9618492630
9989033822
8106298563
7680841444
6302625835
9490345399
9581977999
8048740439
7702499666
9248886789
9441800687
8008340800
9052026999
9666167495
9490706666
7013530004
8816235314
9866536225
9052332555
9959345624
9989394981
9441323760
6281207934
8929293017
7989134235
9391392872
9440312562
9000934897
9000999740
8106606551
9959112400
9010509747
9963095103
9866937169
9849979140
8500764058
8686393619
8333899696
9885073717
7799768855
9701944279
8048740461
8816234511
9440183836
7288877300
9701461152
8019457468
9888422245
9676664177
6363459473
8374890057
9944878985
8309045672
8686120023
9492621961
7207067026
9701554245
8041017551
9440017711
9652330777
9676478710
8500900119
8088553031
9966691011
9924577556
6309554319
9440188135
7702997929
9848218760
9347812380
9705722858
8977702611
9441723977
8578220330
6300804190
9797976333
7799787474
9441616189
8328020155
9133059659
9885418899
9646856666
8639012555
8142565113
9398145057
9849995302
9533221135
9492491919
8048740477
9949164777
9700650603
8801555549
8106488683
9963356777
6303332380
9705556669
7039001492
9866143194
7386890121
9849520278
9885113599
7989211216
9154824543
8143240751
7013748688
8985916999
8879896089
8688953118
6303908889
9618316776
9989598989
9912908405
9849131146
9246651499
9440550230
9440793339
9553093399
8897240055
9700615003
8143500779
8978315222
9581561309
9032367951
8008945278
9985551697
8008332233
8879654556
9515250201
9848274128
8099480995
9390611285
9440177618
9885348743
8790759727
9849822423
9912679767
9701332707
9640012828
9603752777
8008159333
9133877777
9550033111
8688312772
6300421102
8220035985
9182754598
8886760888
9490767804
9110791343
8099423456
9111408111
9848350671
9247400253
7845593985
9177959585
9948553326
9652525353
9059745600
7032412479
9642113333
9010855614
6302336167
9491850018
8047027148
9346866608
9160177888
9390247084
9440193810
9848075759
9032195959
9666136683
9704788061
9121192999
9440674755
7386762887
8500066550
7708414857
8046512443
7013928737
9849639697
9492524164
9299999564
9246845554
8977768131
9849156644
8842362341
8657568516
9440677896
9642440652
9550732628
8977760871
9848302444
9618049444
8367478131
9948925267
9848160445
8008577338
8922232653
9100027741
9912917877
8922222916
8842302266
9490544693
9553389090
6303958078
7075552666
9010236226
8374493331
9581095590
9291233360
9640550964
9397032686
9063840667
9246675588
9848986703
8047027179
9440620575
8041017577
9866176556
9396969998
9494086655
8500577733
7416450555
9615211234
9513445580
8922272676
7305040985
8099734567
9703792889
8662436344
8037002778
9705870707
9856123777
7601084532
9100759100
9848965645
9705036803
9010738234
8885615181
8500001912
9959459059
9441152170
8885607754
9949315550
9848816966
9345452912
9059456736
9786284786
9502645080
8814224158
9948151912
9888827222
9989258333
9849913992
9248199999
6366529614
7411781304
7680909714
7337555900
7569892565
7330617555
9246636544
9989806143
9949772251
9866411943
9618555744
8520944933
9848049273
8977332944
9985558680
8309380390
9296001511
8688602073
9866646258
9866635621
8500294949
9666009199
7569408602
9885512932
9912226111
9618667474
8071639360
9949598018
9493764001
9963093639
9030662409
8008181099
6371591420
8977232278
9030537657
9966095540
9014486872
8499943212
9666744444
8099926669
8121812391
9030668705
8885255554
9299900441
8686350340
8341585210
8099108202
9640007015
9292701101
7013744450
8121241178
9966186666
8688804444
9440439030
9553541477
9959833129
8328252243
9912633667
8071326931
9030494999
9393608760
8985987333
9602426294
8882206944
7676538883
8341665770
9281495550
7780723481
9490306713
9900764595
9490730066
9573873648
9989360688
9397079677
8071639211
9703696752
9885077362
9866542205
9676268919
9573035777
9100412345
8048740459
7729915599
9010640417
9000267085
7729925599
9964366815
6382375976
9866933908
9502502440
9246786386
7993038888
9703104253
9082708180
9652040060
9440162427
9246746746
7780391571
9014842412
7794898989
9949701222
9494585864
8096682445
9345670043
9347116323
9959446828
9490196609
9848792495
9966918866
8125466080
9553288968
9849635639
9985353853
8686362695
8074533406
9100900830
8001036065
9866867082
9494848114
7981675947
9963425888
7328956446
9392045302
9281029460
7661087976
7842699516
9030625797
9849136933
9440073656
7989006624
9133224464
9885643959
9030482348
9491549798
9849465863
9381621521
8556222692
9701870796
8008063737
8309065471
9440429556
9966268995
8500603157
9491946945
7013719151
9581971876
9948646583
8143424012
6302894668
9390000945
9036485519
9963364478
9160058005
7337338256
7330731888
6300262721
9849442930
9985831616
9381005245
7993819427
9043973985
9966928706
8332908650
9885546511
9640464652
9121730211
9441388225
9655998135
8001025438
9000360640
9030414041
7989316123
9849443666
8501967408
9505359991
8142781007
9177424212
7207838398
9542490686
9000063898
9167086344
8048073992
9848157991
8008508456
8008631141
8466847572
9985658087
9948017322
8985540705
9440813336
7205818999
8125770082
9573065444
9494032244
9849400331
8686404824
9030706786
9849831911
9133756808
6309473981
9848289440
9848019964
9966737657
7093927490
9731141435
9393620412
7207781699
9059412576
8885607046
9000824066
9393979776
9440930949
9618138383
8592233995
9000878808
9885247800
6303173892
8340821777
8688328102
9441326697
8125922009
9704936508
9866104972
9618889486
9515300345
8572227629
7330878301
8919224640
8044939703
9676119432
8672223778
8672225567
9110733948
9059668832
8121928775
8667321145
9701194585
9133617424
9032238487
9246464612
9010362836
7842305444
7729962346
9703184183
9949896938
8790636439
9640888999
8886428888
9646191111
9989917996
7013417139
9849391704
7396963753
9246936378
8977175787
9100320329
9133828285
9363425147
9701859735
9392179121
9908989123
9000747886
9381259534
9848675156
9949992237
9885541120
7989542620
8143391443
9849081881
9502252209
6377036979
8341617220
8647223032
8125262167
9573573517
9494243113
8044939695
9177334297
9110768775
9866495368
9652693122
8121490507
9502986879
9492468314
8106747488
9148063856
7348842595
9246456400
7702525357
9885262888
9866970966
8556796139
6382531147
8556356526
9440224521
7702267242
9440514177
9866572070
9440937760
8556228211
7993551562
7893092057
9440243730
8179028582
8564258588
7013082026
8688370173
9701800600
9524242090
8904203351
9849022963
7981879267
8688060337
9381388933
9701213342
9091244244
9398116652
9866147342
9399388199
8885500446
8564458697
9980147668
9951539501
8512231129
8512222123
9346202610
9624512525
9866481670
9885377228
9908155573
9440219680
9182707630
9533310817
9866711368
8712126853
9347080100
9533952026
8555949187
9989672035
7032379946
7732024776
8886657992
8800119365
9966745574
9440251581
7801034577
9247217171
9573765765
9550966990
7989416663
9010226161
7981983850
8514241916
9866557494
7075935657
8816238319
9392099836
8816233779
9704928230
9346683957
9513445079
6305960582
8816257333
7678007943
9100513777
9866795505
8816233822
9640044777
7799898869
9849328888
9666447331
8816295777
8816239901
7204890300
7981436563
7013507361
