7837222666
9022834900
9956012050
9930349384
9768709033
8080805915
8879979813
9326657245
7990473939
9029250227
9136745118
9699838398
7304135136
8454065990
7977164150
8419999138
9326257484
8045248100
7021711960
9970846767
9619680357
8767828184
9867096095
9137273838
9320008055
9004307595
9004998998
9167565675
9561050520
9819439878
9833463615
9326060336
8356955390
9222221265
9512341234
9321000507
9082807395
8169177520
9833601660
7290095802
9553073030
9819674832
9920545474
9137127733
9321320449
9867650091
9324935668
9000153980
8001217474
9867348165
8779045565
9821188325
7208239883
9619614200
8879909854
9820824822
9920003143
9372887526
9967693137
9820065626
8451869658
9167495445
9773697767
9769056073
9022486774
8169156382
8928089641
9992220763
7715971555
8850687739
9769112748
8452854777
9167539095
9920557806
8652143702
8002701950
9998497292
7875676252
9768772716
7045464718
8828010397
9019029029
9769354957
9158934318
9967913755
8097639013
8062916803
9820362982
9819975818
9082087611
9152004949
9152002004
9867412334
9892272816
9324516326
9892981714
9892115503
9324625627
9920038921
9920608010
9321330557
8793610885
9653131251
9167528552
8369201721
9702225152
9004090941
9833074070
9321983105
7666974557
8879994961
8047631628
9619817066
9768282501
9082907433
8046063910
9702414104
9930292537
9819704230
9594641772
8047547027
9833826647
9870006264
9859789444
9892200696
7045358508
9665567408
9867632715
9321288415
9920085309
9004060454
8104218859
9422212308
9322839035
9156180900
8983900282
8180819004
8698670111
9021322193
8600412888
7385409212
8087450505
9890906875
8796628269
9822269769
9999465257
8980845212
8237678474
7219795742
8582093759
8605865406
9112667914
8983500409
8484977200
7378989996
9822829431
9922261495
9022634413
9075474024
8275940972
7218065550
8446548961
9975214329
8048602961
9850985939
9922478652
9422035795
8390557332
7385637086
7378303558
9325793485
7507347777
9172616363
9011072655
9762170330
8208689283
9850111786
9921179175
9689888201
7769090813
9518965404
9637072588
7397980242
8500890123
9604568533
9860773212
8767477102
8042783377
8766697853
7770060908
9825087673
7021992300
9372523237
8689996996
9653299928
7745040057
8169459552
9980469883
9833368284
9320261511
9988994677
7385928948
8001088586
7744055531
9049731763
8806006552
9004336036
9822975901
9321059944
8485054552
7386568230
8048035006
7687860313
9321110066
9890730140
9763699900
9594220586
7588724944
9326743938
8169709884
8888772441
9922689225
9819570211
7666816882
8329115090
7798234598
7875294904
9823331155
9823744239
9673008748
9049395723
9204888018
7276015298
8795091295
7405308000
8237200888
8888861619
9082177034
9834672816
7040294514
9404118681
7276411414
9172402789
9664097074
9975360805
9011031395
9004043991
9326282125
8554997709
7875188286
9137429205
9637210996
9930329380
8888508109
7350321321
9820986629
8451876786
7738744023
9850800063
9819952683
9168661541
9881710061
9699240145
8691000085
7600100340
9769279303
9090809052
9769767474
7506522210
7715930813
7039111777
7045864712
9773455735
9004862670
9076824534
8879966440
7089154077
8286114600
9326115676
9867624369
9322673599
7304852159
9766622389
9930014730
9222997066
9673131333
9975833022
9137394778
7397958113
8104855903
8451820012
8450918790
9833392329
9975360548
9136488855
7030379215
9819132481
9833716071
9152676364
9867330421
7718901119
8879051606
8369549939
8657900860
9833099690
8652300965
8169194621
9076103325
8691916782
9167244619
9773788366
8071820133
9004344101
9421871421
8070676161
8097386318
7039785186
8976001191
9820130161
9004049390
8108036576
9930734324
8108872427
9967278477
8090020070
9322946978
9029746765
8605940276
8591177088
9820855667
7738541878
9820394409
9029805522
9920943438
9930119370
8928076705
9768011226
9833365369
9820068099
9323887882
9987734354
9029532556
8655228747
9969310989
9619482007
8108161305
9594068358
9594598959
9987333931
9619484168
9602331668
9920404359
8424020290
8879790825
9833058239
8850854241
9136501678
8046043312
9820124517
9152208080
9503333287
9833613327
9323166423
9967400003
9689451354
9819559035
9967639744
9322284599
7498981703
9920633891
8591295549
7720829444
7977698427
8356950628
8080225363
8108406610
9763196197
9930894895
9869831680
9820211269
8976500942
8369285199
8484098997
8369080480
9850015552
9356939466
9867388881
8108329445
7021609902
8879141176
8879685207
7666777390
9404999255
9870634815
9322413762
9969535428
9423584060
9869007312
9967115806
9821313600
8433842619
7045616744
9322379993
8698682222
8451934343
9769578243
8378998954
9619771158
9320505040
9606350000
7738584949
7721971097
7420920885
8097969157
9860305161
9920802651
9322130691
8149827086
8080565429
9172757053
9967693333
9892973721
9594534316
9821137594
9224410000
7400498525
9067902322
9920726955
7972480365
8655589422
9167270027
7977610883
7290092205
9421904476
9664742158
9967522424
9967797773
9594338584
9167679535
9920871905
9619953988
9822232985
9869602852
9137395718
7720961234
9820710499
9757352538
9850275015
9819533634
7290096076
9619147640
9158741205
9833089277
9323873157
7588072436
9820651717
9223373963
9921685888
9224259205
8828081057
9305401469
8001030260
9820658397
9324942145
7358444961
9322249216
9619633221
8591076335
8291934801
7875588899
8767876549
7977775825
9004566257
9930201201
9967339118
9819845070
8291054910
9920956325
9820020714
9820611667
9004552539
9890677006
8655973366
8530025134
8530980555
9307909030
9822744058
9322834564
8001207066
8668786946
7276539538
9371028907
9371804300
8788538939
8087279615
8048250488
9822680782
9370145102
9423003944
9372222593
9890760696
8879885781
8888832485
9970198331
9604858282
9422525153
8796863350
9527254347
9768024760
7045550100
8433959100
8424094321
9869769182
8850832351
8080892888
9503357739
8080605001
8779781349
9322533838
9769713213
7666153456
8652444441
7666618500
8097555522
7400030609
8080603535
9819816522
9819708950
9930877368
9137520308
9022896302
9619571757
8291687806
9222202789
9833361853
8291550028
9082969416
8104754193
9833327837
8048978381
8169360073
9967606986
7506445070
9594439778
8268000120
9833737673
9833385942
9821252911
9820168122
9220394824
7208749934
7506321599
8928787413
8291934019
9323574715
9619884620
9819296388
9699122221
9022251525
9309511643
8369399559
9152696962
9022444222
9821692953
8879795657
8071889621
8655857606
9892241443
7208002829
9867166516
9821131803
9082023522
9870439939
9322213337
9867166335
8898605777
9870201624
9920641115
9022162449
9619617539
9619162010
8828454590
8850243176
9146299125
9167240266
9004856421
8976509122
9322788944
9892290117
9820974520
9967795338
8802444478
9322385292
7558459949
7021661048
7709935356
9822684915
8668623816
9665123473
9619341313
9028287400
8369034276
7276591555
9321527113
7875084737
7021132622
8879876454
9022144699
8046036900
9967053645
8047645011
9561784441
8390895643
8299247100
9321133587
9076486001
9833194605
7506112097
8097969199
9322122555
8287882878
9029077244
9870997108
9820518125
9773381154
9820755424
8693006001
7506325566
9967330343
8828668188
9172614424
9930327612
9323251525
9322222904
8237376069
9320154849
9529406606
7275699130
7276988333
8976783183
9075501114
9172288429
7263974259
9860504181
9370991915
9320451698
8080177738
7840942870
9326044066
9665355753
8007582998
7276707978
9156433499
7841865863
8149149003
9833130343
7400425008
9821634068
8668401358
8888950555
8080003233
9960784569
9922883344
9172652623
9970858424
9987402616
9960741014
9029998540
9112270222
9371144878
9158197501
9324115328
8088848484
9870356202
9561801107
9004815678
