9833601660
7290095802
9553073030
9819674832
9920545474
9137127733
9321320449
8080805915
9867650091
9324935668
9000153980
8001217474
9867348165
8779045565
9821188325
7208239883
9619614200
8879909854
9820824822
9920003143
9372887526
9967693137
9820065626
8451869658
7977164150
9167495445
9773697767
9769056073
9022486774
8169156382
8928089641
9992220763
7385637086
7378303558
9325793485
7507347777
9172616363
9011072655
9762170330
9999465257
8208689283
9850111786
9921179175
9689888201
7769090813
9518965404
9637072588
7397980242
8500890123
8698670111
8767477102
8766697853
9825087673
7385928948
9822829431
9049731763
8806006552
8485054552
7386568230
8048035006
9890730140
9763699900
7588724944
8888772441
9172402789
9011031395
9326282125
8888508109
9820986629
7738744023
9819952683
9322673599
9222997066
9137394778
8450918790
9022834900
9819132481
8879051606
8652300965
8169194621
9076103325
8108036576
8605940276
9820394409
9920943438
9321110066
9029532556
7837222666
8655228747
8424020290
9820124517
8080225363
9869831680
8369285199
9850015552
8879141176
9322413762
9869007312
7045616744
9320505040
7738584949
8149827086
9224410000
9167270027
9664742158
9967797773
9619953988
9833089277
8652587603
9870634815
9820728388
9967821948
9022162449
9220161411
9820600684
9820935312
8828770202
9967757915
8879948999
9820426093
9664897329
9930437759
8356946001
9821252911
7738149129
9930355384
7900181234
7506321599
8108730657
9773030888
9702542747
9920641115
7498041540
9833722508
9152991731
9930576937
9137598143
8071889621
9321080822
9930557123
9769713539
8452005198
9833388803
8103777999
8828081057
9594534316
9870201624
7666605362
9975404685
9930154583
9137730758
9892308876
8655973366
9820475210
8802444478
9768652418
8433519113
8805176684
9967456192
8390895643
9028127768
7498831017
9890825533
9913713246
7387290534
8879764332
8999610455
9819880606
8955712223
9529820453
8668229606
8169153846
9359554923
7021427382
7385119443
7718832290
9325431462
9718794843
9145021478
9823243620
8806677577
9890084175
8879983711
8652587953
8879979813
9324422238
9702346653
8928481182
9819392782
8087772579
9920104020
9987992959
7776858169
9820934934
9321594939
9769354111
9869545153
9867585926
9518549887
8446880919
9326646703
9136055575
9324403379
7020295571
8793681863
9822904873
9850487957
9766000993
9320451698
8451908916
9867931712
9860312524
8850204675
9503010100
9765808515
8652364258
9324364000
9323251525
9867033554
9011354777
9322753750
9890844000
9850020420
8888996104
9359218484
9322828775
8850728379
9326969962
8454986563
9355041046
9819782211
8956576901
8999606121
8999709574
7875008276
8956704203
8433555118
9870270598
7887739161
8856949444
9920159015
8796855198
7020852087
9766344817
9820191540
9423082513
9881117125
9921227744
9967587810
8071889870
8888524560
9860991282
9561801107
9890977855
9096844468
8668828587
9881185662
9820134780
8037697491
9490652106
9490007223
9822069548
8121558377
7674903802
9642166655
8819224655
9989589114
7569085565
9963922227
9652733835
9502462152
9966217158
9000830099
9392869666
9701072409
8500830015
9490654568
9666342415
9059057366
9000073676
9440166607
8341627695
7396050658
9966308382
9550083888
9440282992
8944255499
9003179985
7989361372
8071889802
7794955513
7780370647
8071889668
8008891048
8555926817
8712237815
9493772263
7842560046
9440764104
9989759399
9440105447
9966229367
8108138000
9908882911
8985485421
9848198449
9849127732
8501010727
9393111886
9550064791
8106306606
7824812121
7989621631
9019595595
9849199779
9885603618
7075096696
7045457770
8074797081
9291244874
9705917333
8069867570
9298355575
6281901080
9441920401
9390399793
8639471172
8639922925
9000951310
9963498652
9908333000
8672227511
7997886288
9948092181
9247327864
7207362136
7095358095
7997003379
9666453456
9035297538
8142784747
9505416207
8814274433
9063857888
9000914964
8919972406
6304416619
9948261828
9492604661
9659694694
9848299334
8143669215
8309032488
8071889808
9014994880
9515780782
9849440111
8309274760
8919617664
9155405060
8071264861
9959381796
9390488898
9640648999
9553550477
8333000555
9866049933
9248017375
9177986981
8071326901
9297306185
7989962511
6302641154
7569703131
9290131503
9951115990
7730077770
9985313587
8121208696
8438580641
9014604182
9000412131
8554840003
9885742478
9492455179
9492401983
8125145209
7780705750
8002587555
9700545146
8071890054
9849065457
9629437985
9989085049
9394109414
9248920945
7093196444
9247447116
9032575555
9700778873
9502110504
8688870172
9963982143
8008910001
9963183171
8801722428
9885448768
7780205660
8069865888
9246401807
8309150295
7337333342
7416411901
8666993058
8861096126
9392111995
9030321047
8666632123
9490884577
8885513619
9247894177
9873567620
9248192471
9392034900
9182563503
8662574798
6300455025
9133669933
9182591124
9849286264
7032517434
8042028493
9959011470
7799773656
9441147297
9440392362
9885411456
7330735888
9949456862
6301614271
8074771531
9966032786
9676427241
9966822871
9652124433
9912714786
9704505678
7550055551
9393779988
8919900394
9848246429
8662491044
7735282131
9866224405
8662433395
9342967344
8712232323
9246497262
9542066789
7842116103
9985837387
9885347440
9440001775
9441051206
9632561008
6377774598
9989521249
7569959857
9959648089
9866128350
9133614329
9908540040
9618858303
7799095321
8328345004
7207441430
8071408350
8247479969
7386006066
9980689218
9133664556
7799378888
9963024070
9848083958
9848598583
9866182839
9948087192
7997616263
8069760700
9000822778
9988659759
9912710932
8982342346
8037002687
8634059223
9848286408
7569197439
8143843716
8790496562
8019887926
9393023736
9032255571
7799357327
9873546782
9963392372
9849123299
9121345123
9908073358
8947232922
8947232565
7207505446
8465061964
8555954199
9494477297
8688814183
9500706985
9030565681
8071890083
9963762296
8897075659
9885889344
9052604111
8297682238
8712655625
8886889796
9515329119
9920506304
9290301301
9346642121
9949004464
9963122526
8037002387
9381283935
9133338691
9581355112
9133338692
9948265234
9908207195
9087872985
7993184643
7095429977
9704770379
9440210910
9866437141
9642612143
9949643219
9000980887
9014909010
7338117138
9491827704
8071889811
9959964648
9885836045
9848817554
9167984737
9399999063
6281711405
8143014164
8612377666
9963638023
7022222028
9701878092
9440044720
8555884287
9989980815
9014932336
9502541362
9849096647
8818299727
9032281002
9885269677
9848369843
8520001979
9703572820
7845449985
8639472292
9441993784
9063847555
9949874739
7287011011
9281438587
8522868333
9440283217
8977918118
8125464938
7386289808
9916027378
8019190319
9912475116
9399911099
8247498760
9177368284
9912200000
9121014232
9676999711
7799234567
9700071345
8071639210
8125586098
9704824156
9949252444
9949945071
9701694139
9966990234
8639852224
9640699629
8500618726
7569894985
9177628278
8978132799
9393714714
9493448183
9963014388
7842418136
9381557508
7995467054
9032643637
9392929223
9703560177
8341346134
9100389588
7093344200
8886679171
8005997800
6305716311
8121046777
9160909666
9873568560
9959900814
7093405887
9550038885
9000886595
9513158091
9441684279
8978915344
9986499853
9441782272
8655610773
9700271446
9120412049
8886777168
9391088863
8087355534
9052014614
9397679938
8106783167
8121990116
9160160192
7942811882
9703195540
9985345391
8500250505
8071629665
9866283786
9885839505
9840346985
7816036167
9959894725
9441206986
9440846513
8688668099
9985042889
7093350435
8037221083
8328493040
9393979794
9985992777
7019398570
9440323427
8639961717
8143685353
9642301945
9177690577
9966221286
8897569171
9533422226
8919457784
8008114484
9704754755
7794904977
9494494485
9440273637
7200908985
9642955828
9247111732
9966869990
9160774777
9390500177
6304643950
9182868367
8500199608
9491239390
9885037875
8885363243
7702062456
9966722123
9573461270
8069867572
9985302000
7013103162
9440250863
9885228950
9441403020
9985402289
9177555005
9866666016
9619086037
9515300806
9429692121
8556220899
7569015511
7799669986
7671868003
9550147098
9701324623
8772251677
9966771121
9441220397
9866868853
9912653502
9390411529
9000489738
8977716851
9966129199
9663451827
7013822885
9912311289
8071639207
7989240673
9963441555
8688333932
9441131877
8885336488
9398933310
8341168222
9866243104
9390500172
9246350543
9866604616
8985674728
9848838382
8428045537
9618138625
8639437411
9133642272
9505445555
8885412654
9347519536
9494548843
9581004630
9392397743
9550113499
9963626567
9398079379
8500318226
7981893136
9491929210
9000988012
8328169150
9848087109
8046333629
9989495929
9866546118
9666678693
9491971174
8309949959
6300065986
9985197297
8512250407
9440205326
9502654830
8099822487
8071889805
9848984598
9966000798
9963191769
9494412466
9948369057
9849886369
9533012595
7674903083
9848257243
8309800600
9873498534
9440097758
9848105620
9440531632
8885322283
7842415527
9550577400
9440092920
7075531144
9949074312
9966916700
7396927188
8341236954
9493000938
9381467382
9490656112
9849794317
9397888799
9849905294
8048740473
8071640074
8019992800
9347149457
8328577669
9912864888
8309645014
6281831149
7799870762
9866954380
8977578001
8037002434
9663415366
9032638173
9490615039
9052779781
9059624943
9700683678
9963222340
9603058345
9866062139
9246666211
7702775499
8041017608
9030478802
8374567323
9885365634
7997667111
9505777297
9154777773
9966227622
8179653458
9885773633
9030985551
8247298018
9491708833
9951333296
8688072281
8048740435
9700878092
9052206830
9845577591
7036091744
9247681652
8367217327
7013609740
9494404318
8688782900
9908327126
8985691818
7893764524
8688194881
8247572758
9440823924
9441005963
9440813381
8686083408
8071890033
9885630530
9666978606
7845552985
7075425750
9182351795
8500140841
9154793851
8048740464
9866944516
9652395356
9515355831
9247277353
9885091189
9281477765
9063387665
9581977999
9490706666
8816235314
9866536225
9959345624
8071889963
8106606551
9676606551
9866937169
9849979140
9701944279
8816234511
9440183836
9888422245
8071889797
8309045672
9492621961
9866744745
8041017551
9924577556
9440188135
9848218760
9705722858
8639012555
9849995302
9581313690
8106488683
7989211216
8818244904
7013748688
8688953118
9618316776
8071890069
9440710567
9440550230
9440793339
8008945278
9515250201
9848274128
9390611285
8790759727
9640012828
9440195798
6300421102
9182754598
9247400253
9948553326
9059745600
9642113333
9440193810
9704788061
8046512443
9849639697
9108924933
9550732628
8977760871
8922232653
9100027741
8922222916
9490544693
6303958078
9063840667
9246675588
8047027179
9440620575
9866176556
8500577733
8922272676
9703792889
9856123777
9100759100
8071889664
9010738234
