7837222666
9022834900
9956012050
9930349384
9768709033
8080805915
8879979813
9326657245
7990473939
9029250227
9136745118
9699838398
7304135136
8454065990
7977164150
8419999138
9326257484
8045248100
7021711960
9970846767
9619680357
8767828184
9867096095
9137273838
9320008055
9004307595
9004998998
9167565675
9561050520
9819439878
9833463615
9326060336
8356955390
9222221265
9512341234
9321000507
9082807395
8169177520
9833601660
7290095802
9553073030
9819674832
9920545474
9137127733
9321320449
9867650091
9324935668
9000153980
8001217474
9867348165
8779045565
9821188325
7208239883
9619614200
8879909854
9820824822
9920003143
9372887526
9967693137
9820065626
8451869658
9167495445
9773697767
9769056073
9022486774
8169156382
8928089641
9992220763
7715971555
8850687739
9769112748
8452854777
9167539095
9920557806
8652143702
8002701950
9998497292
7875676252
9768772716
7045464718
8828010397
9019029029
9769354957
9158934318
9967913755
8097639013
8062916803
9820362982
9819975818
9082087611
9152004949
9152002004
9867412334
9892272816
9324516326
9892981714
9892115503
9324625627
9920038921
9920608010
9321330557
8793610885
9653131251
9167528552
8369201721
9702225152
9004090941
9833074070
9321983105
7666974557
8879994961
8047631628
9619817066
9768282501
9082907433
8046063910
9702414104
9930292537
9819704230
9594641772
8047547027
9833826647
9870006264
9859789444
9892200696
7045358508
9665567408
9867632715
9321288415
9920085309
9004060454
8104218859
9422212308
9322839035
9156180900
8983900282
8180819004
8698670111
9021322193
8600412888
7385409212
8087450505
9890906875
8796628269
9822269769
9999465257
8980845212
8237678474
7219795742
8582093759
8605865406
9112667914
8983500409
8484977200
7378989996
9822829431
9922261495
9022634413
9075474024
8275940972
7218065550
8446548961
9975214329
8048602961
9850985939
9922478652
9422035795
8390557332
7385637086
7378303558
9325793485
7507347777
9172616363
9011072655
9762170330
8208689283
9850111786
9921179175
9689888201
7769090813
9518965404
9637072588
7397980242
8500890123
9604568533
9860773212
8767477102
8042783377
8766697853
7770060908
9825087673
7021992300
9372523237
8689996996
9653299928
7745040057
8169459552
9980469883
9833368284
9320261511
9988994677
7385928948
8001088586
7744055531
9049731763
8806006552
9004336036
9822975901
9321059944
8485054552
7386568230
8048035006
7687860313
9321110066
9890730140
9763699900
9594220586
7588724944
9326743938
8169709884
8888772441
9922689225
9819570211
7666816882
8329115090
7798234598
7875294904
9823331155
9823744239
9673008748
9049395723
9204888018
7276015298
8795091295
7405308000
8237200888
8888861619
9082177034
9834672816
7040294514
9404118681
7276411414
9172402789
9664097074
9975360805
9011031395
9004043991
9326282125
8554997709
7875188286
9137429205
9637210996
9930329380
8888508109
7350321321
9820986629
8451876786
7738744023
9850800063
9819952683
9168661541
9881710061
9699240145
8691000085
7600100340
9769279303
9090809052
9769767474
7506522210
7715930813
7039111777
7045864712
9773455735
9004862670
9076824534
8879966440
7089154077
8286114600
9326115676
9867624369
9322673599
7304852159
9766622389
9930014730
9222997066
9673131333
9975833022
9137394778
7397958113
8104855903
8451820012
8450918790
9833392329
9975360548
9136488855
7030379215
9819132481
9833716071
9152676364
9867330421
7718901119
8879051606
8369549939
8657900860
9833099690
8652300965
8169194621
9076103325
8691916782
9167244619
9773788366
8071820133
9004344101
9421871421
8070676161
8097386318
7039785186
8976001191
9820130161
9004049390
8108036576
9930734324
8108872427
9967278477
8090020070
9322946978
9029746765
8605940276
8591177088
9820855667
7738541878
9820394409
9029805522
9920943438
9930119370
8928076705
9768011226
9833365369
9820068099
9323887882
9987734354
9029532556
8655228747
9969310989
9619482007
8108161305
9594068358
9594598959
9987333931
9619484168
9602331668
9920404359
8424020290
8879790825
9833058239
8850854241
9136501678
8046043312
9820124517
9152208080
9503333287
9833613327
9323166423
9967400003
9689451354
9819559035
9967639744
9322284599
7498981703
9920633891
8591295549
7720829444
7977698427
8356950628
8080225363
8108406610
9763196197
9930894895
9869831680
9820211269
8976500942
8369285199
8484098997
8369080480
9850015552
9356939466
9867388881
8108329445
7021609902
8879141176
8879685207
7666777390
9404999255
9870634815
9322413762
9969535428
9423584060
9869007312
9967115806
9821313600
8433842619
7045616744
9322379993
8698682222
8451934343
9769578243
8378998954
9619771158
9320505040
9606350000
7738584949
7721971097
7420920885
8097969157
9860305161
9920802651
9322130691
8149827086
8080565429
9172757053
9967693333
9892973721
9594534316
9821137594
9224410000
7400498525
9067902322
9920726955
7972480365
8655589422
9167270027
7977610883
7290092205
9421904476
9664742158
9967522424
9967797773
9594338584
9167679535
9920871905
9619953988
9822232985
9869602852
9137395718
7720961234
9820710499
9757352538
9850275015
9819533634
7290096076
9619147640
9158741205
9833089277
9323873157
7588072436
9820651717
9223373963
9921685888
9224259205
8828081057
9305401469
9987003674
8795200400
8652587603
7506716516
8975907907
8356865866
9766111207
9820416375
9702266662
8070609010
7559363032
8796274844
8922900168
9820728388
8268981631
9967821948
9833411532
9769762503
9022162449
9321986411
8291085053
9321390986
8788315640
8044953386
9220161411
9987044889
7400075943
9657178111
9561115497
9272222317
9607009507
9820545957
8467812345
9820600684
7900117893
9819029200
9762889672
9820935312
9619975076
7045572295
9769890420
8080237616
9820934934
7039021191
9987786287
9920289340
9372020354
8286131122
9867888271
7045835386
8907090704
8080808927
8369431208
9833953055
8828770202
7506471392
9967757915
7700901113
9545533461
7208540522
8879948999
9773686360
8828456779
8080488144
7742913755
8108036868
9987941202
9867909941
7506372987
9076307775
9322299099
7905365347
6126714911
9702424718
7674897701
8828276790
9324362304
7718963774
9819156003
8452988178
7506981210
9820426093
9619775141
8652224000
9588665568
9664897329
9468052228
9320073725
8104646651
9975404685
9869664658
9930437759
9921048148
8108730657
9930192705
8356946001
7350139444
9820044965
9821252911
9004199987
8686005151
7722005530
7277440011
8879741241
7815855555
9607001950
8484061252
8806090099
7738149129
8898940707
7517463846
9890210700
9930355384
6000260028
9931128892
8291111005
9768024760
8693006001
9820978071
9321622477
9326969962
8369637656
9821757571
9920401743
8657510882
7208567804
8928453087
8928889327
8268627890
8097969199
8850084755
8652726968
7900181234
9326069974
9167004856
9820320086
8001030260
9820658397
9324942145
7358444961
9322249216
9619633221
8591076335
8291934801
7875588899
8767876549
7977775825
9004566257
9930201201
9967339118
9819845070
8291054910
9920956325
9820020714
9820611667
9004552539
9890677006
8655973366
8530025134
7738740019
8356929194
9608634662
9594898888
9820009175
9820125836
8108662281
9773237359
9889889771
9967563885
9821521781
9930675524
8045815398
8070056777
9867867743
9892033486
9324604678
9869128640
8433730625
8605801807
8779849160
9819437758
9004480007
9769713539
7249640724
9637769105
9320842356
9820090968
8983223850
9922719117
9529000309
7058782520
9029284687
7007824024
7738461004
8796788720
7021408384
9689890296
9930788126
8433563929
7506321599
8655857606
9960082380
9833889336
7304790978
7038734715
9619162010
9324631919
9503838498
8976144102
7776858169
8655540372
9833900545
8048603729
8108901814
9137374252
8828141102
7276772464
8390895643
9773030888
9763831991
8071889621
7276119875
8302656234
8879049682
9702542747
9226220103
9322447570
7597477790
8369062827
9920641115
9137051322
7080672363
9416068110
7498041540
9867747779
8108525656
8828048803
7208568913
9004033102
9619773983
9323107644
9136641668
9833722508
9028362996
9152991731
9503282401
8233731642
7039640068
8087685647
9987209787
9545254242
8600141757
9936894526
9867217879
9833686042
9322057597
9930576937
8048964777
9870333205
9699791601
9137598143
9607002140
9819968648
9607848080
9819852494
9702861969
8087106042
9321080822
9834093644
8767072226
7021091434
8779773878
8693870004
9930557123
7678096887
8698893301
8291084881
8828963655
9607003340
8689966868
8898508644
8452005198
8530980555
9307909030
9822744058
9322834564
8001207066
8668786946
7276539538
9371028907
9371804300
8788538939
8087279615
8048250488
9822680782
9370145102
9423003944
9372222593
9890760696
8879885781
8888832485
9970198331
9604858282
9422525153
8796863350
9527254347
8591261746
9324341057
9833388803
8103777999
7719815333
9867775455
7350238873
9930611606
8591290571
9930154583
9920648428
9819858091
8097918482
8850500399
9820922356
9702145446
9869333007
9819413693
9820433247
9004161315
9221401413
9821768766
9833884140
7977956250
8767627124
9820999886
9870688130
9828244990
9920790011
9769381737
9167246768
9769664444
9920161493
8879764125
7045550100
8433959100
9167349950
9321594939
8520020027
9870201624
9820648138
8828034080
8424094321
9869769182
9322013575
7506565290
9136040507
9987502666
7796505050
8744910045
9619952722
7710027104
8104520004
9892349213
9222213191
8097727001
8043892668
9082353477
9892940305
9820157340
9702993984
8432701000
9773283587
9892080937
7208670534
9369398206
7715815809
8433555118
9757092220
8530470862
8800900009
9987207826
9987794974
9004879560
8369968861
9833156759
9810012345
9144465444
8879682863
9987162383
9967908921
9822910637
9324868580
8208907162
7666605362
9763823045
8804555533
9921957070
7385414979
7949121728
7722025566
9689421213
9405300249
8888592977
7219305466
8857819125
8308490817
7720056295
9096842561
8956777256
9819186318
7385818805
9607055959
9822272229
9552211222
9070004242
7756028685
9270371032
9130710902
9922512000
8600340286
8850832351
7021500700
9665351951
9769001749
9920757462
9867107803
7400256736
9004045169
9821025411
9870226161
9819562406
9833828919
8080806939
7021994264
8104683604
9136055575
9272645798
9820598747
9133561182
9139091031
9152012503
9320782000
8356892231
8080892888
8898982482
8070222333
8888007777
9920345658
7021956841
9503357739
9137730758
8080605001
9702935768
9892308876
9022270866
9819893278
8779781349
9321430495
9960194600
9967477530
9820475210
7498294308
9820303947
9322533838
8802444478
8983839985
9904770107
9823311036
8433519113
9867320011
9769713213
8928565452
9152093903
9225132218
7021844804
9767742070
7666153456
9768652418
9422094430
9011179396
7400239522
8080458617
7506355051
8097973463
9372775984
8291226595
9967989378
8237920570
9902599025
9324303386
9619429473
8828119625
9004638435
9270544486
8104233706
8652444441
7666618500
8097555522
8879299338
8796146415
8689909834
8424025520
9892422095
8850408409
9892618124
9850750202
9819674235
7738384680
9136931664
9987197419
6394550380
7788088088
9765808515
9833763204
9322111137
9892757584
8828826111
7410135286
7400030609
9967065070
8080603535
8655211174
8260731670
9766399661
7400050414
8591541103
9619995500
9920445858
9850525398
8856060608
7304222309
8691033578
9833316682
8380891750
9359677706
9619973347
9322265570
9881117125
7030930186
7304274347
9167354445
8975404445
7666523883
9819816522
8956576901
9223283594
8087801456
9561115338
9967063568
9421365753
9925504007
9819708950
9322217687
7718926713
9960569078
9271777774
9930877368
8055022828
9922290805
7045169521
8999088594
8600086022
8657421462
9158809245
7045879128
8208630675
9607073332
9822622335
8888004799
9594466724
9834700230
9702455496
8805176684
9422020113
8600591546
9137520308
7758999070
7021479216
8071889873
7030998998
8087862895
9022896302
7403434445
9967456192
9930910715
9323811851
9935816446
8976911836
8983437748
9822459399
9326773340
9028127768
9325431462
7985601477
9819972727
9324401058
7498831017
9619571757
9975472370
7385113560
9850431100
7507507522
8657858138
7767808010
9890825533
8043868007
8080587155
7588032120
9930324444
8291687806
9075105566
9881494754
8850672106
9324049158
9112911105
9822658766
8956660551
8879575757
9850853148
9222202789
8329541262
9545219600
7219307700
9075710192
9850976451
9833373406
9892608916
9987321686
9137561004
9820101311
8655735507
8048600491
9892035513
9833703382
9833604097
8779179852
7977480227
9892294344
9867964125
8975821510
9833361853
9773600916
9028669433
9975254894
8291550028
9325309859
9112270222
8329728210
9321287586
9156004472
9987746240
9561480462
9867288629
9819095829
8149177143
9892500055
9284914785
9987607012
9209302403
9082969416
9850708919
9323298340
9136788481
8087002533
8411809809
7057227390
8104754193
9913713246
9011541458
8005322829
9136548556
7021141812
9833327837
7387290534
9619228951
8879764332
9820191540
9636196682
8200154916
7977823314
9235218131
8169293767
8291870001
9702541186
9833794677
8050500707
8037781592
9082344824
9664551009
9987020924
8071889624
8080331331
7738833988
9619876972
9923073303
9029458229
7039509932
9892771133
9892619691
8048978381
9090554343
9820592943
8898211684
8668850358
8805841198
8999610455
7447770377
9784722993
9320033114
9819880606
9960865879
8955712223
9323147706
8976288853
9081813677
8830661100
9226283373
8669118834
9529820453
9404567698
9049533232
9270116806
7718832290
8668229606
7741804778
9172792700
8425850900
9137096208
7715851034
8169360073
9762666621
7262886771
9890455991
9967606986
8169153846
7410145141
7767904040
9359554923
8291329928
9665778830
9607863435
8928912156
9028616844
8655586833
8698904383
9767959997
7875158088
7506445070
8082021786
9820250301
9768384525
9619094879
9867344274
9224447024
8655265526
9930004660
9892567406
9324314907
8104423030
8268333435
9867456824
9833989897
9221484278
9870917929
9167606095
8928003933
9220510518
8080280396
9702546637
9323407002
9004628809
9870109892
9867212754
9820473376
8108023682
8005530844
9967357197
9324243011
8291933440
9354847531
9820611775
7715015077
7021266990
9833121160
7021427382
9082214434
7840902152
7385119443
7322927171
9890084175
9117727272
8329787813
9594439778
9820362717
9867146034
9850211989
8879151567
9552916062
8551036245
9226106472
8268000120
7875943131
9820017016
9718794843
8879731568
8657875606
8999840686
7666221110
9920116612
9887660826
9820009469
9152010535
9833737673
7498698300
9890132501
6746172566
8048965702
9819295757
9145021478
8080669595
7887586346
8767939182
9637876445
9820264005
8879879900
9028371885
9867250413
9823243620
9833385942
9834992033
8806677577
9702142252
7838943150
9820510178
8530470553
9833082162
8879186486
8451917407
8046065054
9833994402
9223456769
9892699937
7738358806
9320767070
7869495353
9819968125
9580481239
6307332407
8208161289
8104954254
9766224546
8446880919
9702098685
7262036461
9819815669
9821587656
9004783045
9821956952
8652016017
7400446679
9082948939
9643503583
8657337309
9834908126
9594607862
9321682668
9820882022
9833503360
7715858959
9137005357
9167672000
8767757744
9892123103
9892563143
9082139877
8657561178
7909790974
8097848865
7710024464
8898356957
9911213604
9892152621
9819535920
9820680932
9022120120
9594876155
9029075765
7738223332
8369948987
9240299623
9892776049
9833139219
9324779545
9664580907
9665269696
8048090220
7507504353
9011795112
7775916404
9822494012
9112151638
8048074356
9356839976
7249347129
9923560696
7942729085
9281023965
7942845545
9851502222
9359106647
7248908644
8010550756
9158273152
9762456463
8380000958
7350409212
8422928418
7350191197
7276084071
9136661220
9373610999
8149252674
9527915559
9982587525
9561075834
8975499956
9930008292
9819916781
9595516548
8169063703
7738706121
8657929819
7733938266
9822439909
8767781033
9004456778
8071265626
9029090158
8071654997
8861584006
7038611888
8563998563
9730381822
9867113344
8149495301
8806687474
8380031415
8793710201
9970875437
8380090704
7507209111
8983541436
9923533007
9146932022
8180087581
9011777661
8262854006
9422563182
9850278426
8080092807
8805068040
8007396925
9370984571
9764313179
7420960533
9579483223
9922056029
9028992444
9049890099
9809548899
9404516997
9764013042
9860022438
8554046357
9371456296
9422436800
8275668899
9422906688
9403365873
9595311850
7767937181
8317222702
9421316612
9422189977
9421235333
9405632626
7030307186
7038639891
9657220404
9422434343
8071912343
9673512396
9922669903
9561413613
9822950697
9422633183
7721964931
8446613005
9130025414
9271145816
7868077868
9822688880
8657893581
9822982252
9421134399
9130314009
9000073676
9440166607
8341627695
7396050658
9966308382
9550083888
9440282992
8944255499
9440105447
9966229367
8108138000
9908882911
8985485421
9848198449
9849127732
8501010727
9393111886
9550064791
8106306606
7824812121
9849199779
9885603618
7045457770
8074797081
9291244874
9705917333
8069867570
9298355575
6281901080
9441920401
9390399793
8639471172
8639922925
9000951310
9963498652
9908333000
8919617664
8071264861
9390488898
9640648999
9553550477
8333000555
9866049933
9248017375
9177986981
8071326901
7780705750
8002587555
8801722428
9885448768
7780205660
8069865888
9246401807
8309150295
7337333342
7416411901
8666993058
8861096126
9392111995
9030321047
8666632123
9490884577
8885513619
9247894177
9873567620
9248192471
9392034900
9182563503
8662574798
6300455025
8074771531
9966032786
9676427241
9966822871
9652124433
9912714786
9704505678
7550055551
9393779988
8919900394
9848246429
8662491044
7735282131
9866224405
8662433395
9342967344
8712232323
9246497262
9542066789
7842116103
9985837387
9885347440
9440001775
9441051206
9632561008
9618858303
7799095321
8328345004
8071408350
8247479969
7386006066
9980689218
8982342346
8037002687
8634059223
9848286408
7569197439
8143843716
8790496562
8019887926
9393023736
9032255571
7799357327
9873546782
9963392372
9849123299
9121345123
8465061964
9963122526
8037002387
9133338691
9133338692
9948265234
7993184643
7095429977
9704770379
9440210910
9866437141
9642612143
9949643219
9000980887
9014909010
7338117138
9491827704
9959964648
9885836045
9167984737
6281711405
8612377666
9989980815
9014932336
9849096647
9281438587
9440283217
8977918118
8125464938
9916027378
8019190319
9912475116
9399911099
8247498760
9177368284
9912200000
9121014232
9676999711
7799234567
9700071345
8071639210
8125586098
9704824156
9949252444
9949945071
9701694139
9177628278
9963014388
7842418136
9381557508
7995467054
9032643637
9392929223
9703560177
8341346134
9100389588
7093344200
8886679171
8005997800
6305716311
8121046777
9873568560
9959900814
7093405887
9550038885
9000886595
9441684279
8978915344
9986499853
9441782272
8655610773
9700271446
9160160192
7942811882
9703195540
9985345391
8500250505
8071629665
9866283786
9885839505
9840346985
9959894725
9441206986
9440846513
8688668099
9985042889
8328493040
9393979794
7019398570
8143685353
9966221286
9160774777
7702062456
9573461270
8069867572
9440250863
9885228950
9619086037
9429692121
7569015511
7671868003
8772251677
9966771121
9866868853
8977716851
9966129199
8071639207
8885336488
9866243104
9246350543
9866604616
8985674728
8428045537
9618138625
8639437411
9133642272
9505445555
8885412654
9347519536
9550113499
9963626567
9398079379
8500318226
7981893136
9491929210
9000988012
8328169150
9848087109
8046333629
9866546118
6300065986
9440205326
8099822487
9848984598
9966000798
9963191769
9494412466
9948369057
7674903083
8309800600
9873498534
8885322283
7842415527
9949074312
9966916700
8341236954
9381467382
9849794317
9397888799
9849905294
8048740473
8071640074
8019992800
9347149457
8328577669
9912864888
8309645014
6281831149
8037002434
9100566503
9177731139
9247832426
8639508222
9553011305
9445888336
9705676561
9542103111
8886989992
7774948777
9700236387
6281168697
9167076203
9440047081
8096657572
8069866711
9848152177
8518241234
7981493529
9985208077
9849599517
7386126234
7799368546
8328620921
8074414734
8096751369
9494414989
9493660909
9493536996
9848768351
9948151548
9494403737
8037907640
9440383269
9663415366
9032638173
9490615039
6309797477
8500773434
8897887885
9550122759
9000159651
7995607080
8499901653
9885250915
9949379737
9873498481
9505600402
9293789489
9885898203
9949202441
8518259004
6304903878
9247795546
7995099582
9703122432
7730831722
9966852286
9030709768
9167984835
8008002792
8037002541
8341723230
9289062307
9491186637
9459451991
9550550060
9133403039
9014116724
9440014617
7995182555
7039001496
8944255403
6301050436
8886443866
8041017532
7997923262
8562251214
9246941444
9866693615
9494509890
9440564635
7416390066
9100080102
9246642333
7288999999
8071889798
8657568649
9493449392
9246634589
7680803368
9246624406
8886841999
9963866664
8885557678
9533393738
9052360516
9247871397
8639909690
8500504333
9866869296
8121555503
9550299953
9701810326
9642418070
8922270799
8944252244
9951832346
9652010423
8008937637
7416173449
7995122234
9912568200
9247269900
6302741855
9948118782
9701490190
8376888888
8328446681
9985338955
9885655635
9281020919
9177854868
8501007511
9666788501
9441894258
7036338999
8497979185
9491947792
9248017126
7070080883
9448216228
9642079903
8002103311
9440073709
9133551082
8247253669
6302709901
8884375559
9393814182
9052779781
9059624943
9700683678
9963222340
9603058345
8179271359
8562244456
8985798523
9618126552
8520028580
7411781318
9866351153
9494582202
9949101106
9652765766
9440383214
8562456260
9703261888
9949990277
6302386028
8037002315
9160960012
7842707544
8106962752
6301174565
8041017538
9963505108
8879934386
9885046589
7304053032
9121141021
9885925758
9493023038
7904812147
8554319747
7901311123
9550171714
7416462317
9849981825
9441072882
9440073448
9110368918
9704209591
9849540079
7013502295
7013258506
8099822001
9505600430
8555969615
7386665666
9885552457
9966449628
8885552888
9703368890
9440951999
7942844896
7989233768
9577566999
9133338976
9292252880
9949758743
9642424299
9989554567
9293953266
9848398483
9393333665
9298112244
9533667666
9291341333
9392113293
9346226884
8048982832
9440535848
9581108999
9848788399
8297551818
9182872153
9581223311
8803232323
9704051420
9247505570
9948611116
9052597366
9063857857
9346840209
9866026648
8247048766
9966004406
9339338339
7330859003
9014453708
7893846301
9052523360
9849555848
9502681629
8897163840
9014998262
9160691000
6300678826
8951642257
9700241009
9912711043
8605005555
8522037680
9494365558
9398784262
9121212121
9989872073
9949630620
9030265187
9441511122
9441444991
7732007739
9177304599
8071640571
6301158488
8712929919
8106811171
8554470382
6281290822
9866062139
9246666211
7702775499
8041017608
9030478802
8374567323
9885365634
7997667111
9505777297
9154777773
9640969701
8554312331
9908591140
8554221314
9989319069
9182782870
9493504399
7416295942
7729080222
9010048930
8500051811
9885185617
9160672762
9440216388
9849360925
9000085868
8978265777
9000664439
8291094468
9948403625
8074176733
8074870109
6302849387
9014507363
9295708960
9704642560
8048968282
7331124249
7842811325
7942762702
8836662291
9581207550
8639634996
9440532918
8044939699
9676716340
8886657985
9963126567
8044939690
9059444559
9966437927
9989707906
7411781317
8639811195
7598074707
8578222240
7989975299
8578222494
9848117262
9908758148
9848365993
9553751507
7286869666
7893871997
9985130979
9391450660
9848497964
9390336339
9703519828
9440593938
9169849999
9391364250
9849563496
9848392609
9704346123
9494046530
9701606471
9494229192
9493767680
9502759549
7093327534
7337555896
8099927877
7947479761
9014206868
9989816229
7702730242
9849029273
9908232129
8639498197
9666618459
9948533395
9392436480
8639044990
9550814224
9121179864
9246589252
9246464641
9360779999
9873573220
8977211242
9440363487
8499985152
7207202170
7075176974
8005995555
7993527535
9177145424
9391996060
8688603428
9121811233
9133004444
7285919381
9550240828
9966227622
8179653458
9885773633
9030985551
8247298018
9885747552
9493524718
9440352185
9392653750
8978812640
7730020387
9440255545
9032902468
8885645550
9949767383
8291093658
9440455087
9110715599
8686611666
9440936999
9553792299
9000162206
8019993450
7331122985
9000624429
9035054467
7330834446
9848535481
9989070554
8846667666
9441274374
8500121003
9030989690
8037907619
8071889672
9553469215
7396804004
8978380437
9951587060
9666968665
9025424477
9490853348
9936784588
9704021188
9885680280
8008663335
8019459855
8885401242
8121934811
9652545426
9494652523
9885444523
8612345444
8686764964
7306111133
8885805500
7780126778
9873560825
9000992991
9581117722
7382926465
9246466266
9848388175
9966637552
8842955295
9550455757
9676595999
8008877299
7207244404
7893961550
8500651117
9848848625
8500057116
9136935555
9398419494
9848802082
9391254958
9030281221
9640707387
9014908165
7093565754
9182779142
8044939684
8497933999
9985023838
8886222869
8505937171
6369706147
9030303111
8977441997
9440094362
9440447020
7601095976
7893904599
8367585797
9515342222
8612330462
9618222233
9848154861
7013848282
9704555177
8885588256
8639776677
8812235057
8612320645
9666373132
9491708833
9951333296
8688072281
8048740435
9700878092
9052206830
9845577591
8897201851
9951671969
9390598091
9440953794
9849493392
9908890513
9505129999
9849393848
7702443270
9381776416
9848473884
8179771242
6309666789
7416831816
8341733606
9848065131
7241122333
8367053765
7659015999
8806666888
9866644425
9652966144
9566271994
8656236789
8688425875
9701034803
9652405547
9848518532
8037016328
9848894899
9492340919
9885198001
8008577333
8812222468
9573760879
8812234977
9704779640
9848335659
9032660333
9397684691
7337441951
7989714518
8776679999
9290208344
9553316799
9959384684
8662570005
8071889801
7993661399
7207505370
9666066973
9392973265
8247745344
9848607110
8019244255
9989772558
9100455666
9966600050
8836662944
8812241848
9700414116
9704450408
9848536633
8885500669
9066373163
9505130953
9908466099
9490677131
9398311004
9533799933
9856525999
9393626989
9182894285
9966062884
7207267226
9133895969
9963670555
9493990837
8978192347
8143119677
9908379577
9553320446
7207733335
9177723335
9393769996
9441109327
8096903000
8885757155
7995678997
9908401192
9122721098
8919680708
9490003311
9989575290
9603999039
9701037176
7328912345
9989343866
6303077504
9848688593
9963172828
8686858126
9059329121
9167071738
9502212283
7036091744
9247681652
8367217327
7013609740
9494404318
8688782900
9908327126
8985691818
7893764524
8688194881
7981298221
8552250444
7942845837
7070569742
9133448419
9666692349
8886657987
9885582512
9866252014
9949107184
9248641777
7893160714
8985089224
8247514148
9731103515
8500362936
9700700909
9603155999
9666831220
7807702595
9985179917
9393600103
9177441933
9659625555
8019773771
6304165312
9989514282
9440511287
8885322888
9292157157
8130302708
9248389577
9666466795
8121434696
9121093621
8143999680
9948796579
7552658822
9989492409
8309107736
7602224449
9985558488
8071639209
9959460778
8518442525
9848599242
7416162763
9030406787
8074933765
7382289902
9951133784
9849350328
6303683142
7330722338
8333848666
9182045083
9581378999
8790768865
7013819342
8106724151
9873570193
8552200421
9533371797
9948381517
8247572758
9441005963
9440813381
6304051793
8897945452
9000670746
8590076831
8495252029
9491118786
9000954108
9491460606
9885332911
9160033309
9912121290
8121288008
9490348969
9885307787
8506063948
8885665780
7659927777
8048740441
9885812827
8686083408
7075425750
9059465655
9121634576
9391510414
9440569106
9160829786
8886657991
7569680826
8037394929
8037002469
7337338251
9246596777
9505004844
9182351795
9790331299
9000372695
8500140841
9740737943
8897708567
9154793851
9440729131
6300968941
9597835978
8048740464
8015898780
9154540792
8812251227
8008200620
9111442294
7204667968
9032949939
8071639216
9866965385
7013373600
9866944516
9948152365
9550500999
9966875037
9908869896
9848377522
9652395356
6300273806
7386045091
9010708064
8885757199
7993062971
8886663002
7569944444
9515355831
9000422205
9000222312
8309146032
9014330381
9347314037
9704414300
8125343499
9599819940
8790208608
8071889667
9848012326
9908819442
9959989891
9052552023
9952352985
9247277353
9606979366
9885091189
9642490425
9490033067
9573686633
8985336905
9281477765
8074669618
6301113940
9290028915
7382237855
9110734815
9063387665
9618492630
9989033822
8106298563
7680841444
6302625835
9490345399
9581977999
8048740439
7702499666
9248886789
9441800687
8008340800
9052026999
9666167495
9490706666
7013530004
8816235314
9866536225
9052332555
9959345624
9989394981
9441323760
6281207934
8929293017
7989134235
9391392872
9440312562
9000934897
9000999740
8106606551
9959112400
9010509747
9963095103
9866937169
9849979140
8500764058
8686393619
8333899696
9885073717
7799768855
9701944279
8048740461
8816234511
9440183836
7288877300
9701461152
8019457468
9888422245
9676664177
6363459473
8374890057
9944878985
8309045672
8686120023
9492621961
7207067026
9701554245
8041017551
9440017711
9652330777
9676478710
8500900119
8088553031
9966691011
9924577556
6309554319
9440188135
7702997929
9848218760
9347812380
9705722858
8977702611
9441723977
8578220330
6300804190
9797976333
7799787474
9441616189
8328020155
9133059659
9885418899
9646856666
8639012555
8142565113
9398145057
9849995302
9533221135
9492491919
8048740477
9949164777
9700650603
8801555549
8106488683
9963356777
6303332380
9705556669
7039001492
9866143194
7386890121
9849520278
9885113599
7989211216
9154824543
8143240751
7013748688
8985916999
8879896089
8688953118
6303908889
9618316776
9989598989
9912908405
9849131146
9246651499
9440550230
9440793339
9553093399
8897240055
9700615003
8143500779
8978315222
9581561309
9032367951
8008945278
9985551697
8008332233
8879654556
9515250201
9848274128
8099480995
9390611285
9440177618
9885348743
8790759727
9849822423
9912679767
9701332707
9640012828
9603752777
8008159333
9133877777
9550033111
8688312772
6300421102
8220035985
9182754598
8886760888
9490767804
9110791343
8099423456
9111408111
9848350671
9247400253
7845593985
9177959585
9948553326
9652525353
9059745600
7032412479
9642113333
9010855614
6302336167
9491850018
8047027148
9346866608
9160177888
9390247084
9440193810
9848075759
9032195959
9666136683
9704788061
9121192999
9440674755
7386762887
8500066550
7708414857
8046512443
7013928737
9849639697
9492524164
9299999564
9246845554
8977768131
9849156644
8842362341
8657568516
9440677896
9642440652
9550732628
8977760871
9848302444
9618049444
8367478131
9948925267
9848160445
8008577338
8922232653
9100027741
9912917877
8922222916
8842302266
9490544693
9553389090
6303958078
7075552666
9010236226
8374493331
9581095590
9291233360
9640550964
9397032686
9063840667
9246675588
9848986703
8047027179
9440620575
8041017577
9866176556
9396969998
9494086655
8500577733
7416450555
9615211234
9513445580
8922272676
7305040985
8099734567
9703792889
8662436344
8037002778
9705870707
9856123777
7601084532
9100759100
9848965645
9705036803
9010738234
8885615181
8500001912
9959459059
9441152170
8885607754
9949315550
9848816966
9345452912
9059456736
9786284786
9502645080
8814224158
9948151912
9888827222
9989258333
9849913992
9248199999
6366529614
7411781304
7680909714
7337555900
7569892565
7330617555
9246636544
9989806143
9949772251
9866411943
9618555744
8520944933
9848049273
8977332944
9985558680
8309380390
9296001511
8688602073
9866646258
9866635621
8500294949
9666009199
7569408602
9885512932
9912226111
9618667474
8071639360
9949598018
9493764001
9963093639
9030662409
8008181099
6371591420
8977232278
9030537657
9966095540
9014486872
8499943212
9666744444
8099926669
8121812391
9030668705
8885255554
9299900441
8686350340
8341585210
8099108202
9640007015
9292701101
7013744450
8121241178
9966186666
8688804444
9440439030
9553541477
9959833129
8328252243
9912633667
8071326931
9030494999
9393608760
8985987333
9602426294
8882206944
7676538883
8341665770
9281495550
7780723481
9490306713
9900764595
9490730066
9573873648
9989360688
9397079677
8071639211
9703696752
9885077362
9866542205
9676268919
9573035777
9100412345
8048740459
7729915599
9010640417
9000267085
7729925599
9964366815
6382375976
9866933908
9502502440
9246786386
7993038888
9703104253
9082708180
9652040060
9440162427
9246746746
7780391571
9014842412
7794898989
9949701222
9494585864
8096682445
9345670043
9347116323
9959446828
9490196609
9848792495
9966918866
8125466080
9553288968
9849635639
9985353853
8686362695
8074533406
9100900830
8001036065
9866867082
9494848114
7981675947
9963425888
7328956446
9392045302
9281029460
7661087976
7842699516
9030625797
9849136933
9440073656
7989006624
9133224464
9885643959
9030482348
9491549798
9849465863
9381621521
8556222692
9701870796
8008063737
8309065471
9440429556
9966268995
8500603157
9491946945
7013719151
9581971876
9948646583
8143424012
6302894668
9390000945
9036485519
9963364478
9160058005
7337338256
7330731888
6300262721
9849442930
9985831616
9381005245
7993819427
9043973985
9966928706
8332908650
9885546511
9640464652
9121730211
9441388225
9655998135
8001025438
9000360640
9030414041
7989316123
9849443666
8501967408
9505359991
8142781007
9177424212
7207838398
9542490686
9000063898
9167086344
8048073992
9848157991
8008508456
8008631141
8466847572
9985658087
9948017322
8985540705
9440813336
7205818999
8125770082
9573065444
9494032244
9849400331
8686404824
9030706786
9849831911
9133756808
6309473981
9848289440
9848019964
9966737657
7093927490
9731141435
9393620412
7207781699
9059412576
8885607046
7893387665
9701570742
8309695575
8512221933
9739012999
7893518935
9676655747
8333830345
8688888851
9885950696
8886478120
9000824066
9393979776
7396464646
7989661909
9032326167
9581693353
7993117767
8309019198
8143753787
9490322710
8071729854
9347548671
9347471547
9885943400
8251825179
7780776788
9676395331
8643450515
7330701116
9550057096
8602331234
8688785488
8037907618
8186884166
8071264942
7610666999
8330906565
8106441011
8977003353
8071326936
9866305508
9700359143
9640002843
9440725820
7795795531
9885377228
9885539355
9121318989
9440856312
9014757944
9440440399
8374698794
8657591290
9951407077
9441310814
9440430600
9703667562
9701850945
9441593710
8767841591
9154327341
9441072674
9951966198
9666606768
7989180661
7013733831
9346835505
9440569357
7997278777
8341556115
9705797817
8522804694
8897023831
7702162513
9247299584
9440337314
8096796444
9441772389
9666051717
8341915698
9985725223
9703572828
9515962836
9885380308
7674870089
7337555899
8333924937
9542455552
9010161777
9963706382
8985343593
9949455705
9966322000
6281101486
8978478474
9989873783
9290523234
9603633359
9985533258
7799787555
8688879267
9866025061
8885366606
9951505854
9505099881
9395366811
9866041388
8341082943
8297551898
9182023295
9182554967
9966724316
9059209171
9346800524
9392055567
9440930949
9618138383
8592233995
9000878808
9885247800
6303173892
8340821777
8688328102
9441326697
7338740985
9959640488
9542678910
9951528883
7287000555
9666955774
6305043623
9010872333
9959911117
8978445650
9052037181
9949711118
8333855337
8008222666
9121844223
9849713871
9494913342
8686860056
9553942510
9676965127
8247540695
9959577325
8106666295
9885366766
7981186390
9381249069
7893443204
8985113766
9912690226
9347966765
9440829660
9491834469
9114456666
9985573449
9542955888
8464981911
7411781306
8816223878
7337338253
9885955858
6302679858
7815967016
9704570045
9849140004
9299997022
9494582434
9949419823
9491860614
9493194119
9490810760
9052215855
9848586242
8374009550
9542015019
9701719596
7382069427
8559222613
9493757552
9742993339
9440984143
9014362298
8074952744
6366952275
9949375590
8374390072
8465971171
9505127108
8500570877
9963094555
7032998299
9394237480
8125922009
9704936508
9866104972
9618889486
9515300345
8572227629
7330878301
8919224640
9492330558
7799944683
9247155369
9703273394
9014333125
9866471591
7947497068
9789036985
9573959579
8297810175
7989469995
9553723579
9346993739
8037518672
9949796300
9550845677
8247205257
8010161016
8963221555
9666566846
9505000867
9858880999
7947479814
8498801805
8143161837
9705822111
7893483733
8071640357
9247883179
7013345167
9440226610
8330910212
9000996116
9491394222
9866444787
9642527512
9642326742
7207760921
7942813713
7942845842
8008685531
7780755903
9440361900
8512293131
7013033190
9440920818
9346993714
8854255823
9121877622
7989002400
9063664333
9059957033
7942954007
9440993469
8179596398
8185857685
8030691000
9966988518
9985011620
9741163838
9032355339
9502703218
7799465657
9550393231
9052533345
7093603086
7799537070
9866027873
9866854121
9849864844
8309278206
7288999567
7989943393
9949807073
9652448229
9652896967
9908511375
9398561757
9550797747
9966446481
8686668020
9948438828
8816224690
9866717243
8247548707
8247827673
7989655074
9705143926
8355891286
9581432456
9010779595
8922228730
7942553159
9985272079
7396980626
9908913347
8041017562
8041017563
9063407023
9247292665
9492289238
9951544861
9010866928
9577957723
8041017610
7013377500
9772093035
9951703469
7013638096
9849256724
8309505114
9959120471
7382777098
8643220564
8041017554
7418849737
8328046081
8667528147
9848352518
9701264228
8309024760
9059056228
7569225301
9989585622
9154500080
8048740433
8341342545
8897240687
9985757057
9542563661
9346954724
9963044483
9848146793
9505686253
9849259276
9951323031
7396647111
9640252025
9676300111
9966753468
9177232224
9492874646
9849254708
8309246789
7993894938
7337481818
9866664755
8019469452
8925593985
9888677775
9985666459
8885108501
8919165829
8309182156
9848112879
7217797548
7207201819
9908554066
9502095007
9347226265
6303244789
7997993407
8037014087
9849287798
9666061397
9010470667
7207282828
8886832030
9885021403
9355010316
9966400020
8885822280
8885562333
7337408241
6303737288
9440745001
9502528121
9440216901
8870664851
9392546044
9866826900
9951499510
9700535555
8895418852
8374412001
9866791078
7032501666
8945241094
9669578999
9494741463
7013841990
7075176485
9492792792
9177783944
9182248509
9848434443
9666867796
9154682715
9459924444
8002581800
9440740837
7382283370
7680810239
8978117380
8008575292
9849894220
9963225338
8143361885
9319371038
9030723200
9177243299
8688313641
7330811320
6305701665
9666311663
8500569099
7569019916
9676746753
8886553017
9347073935
9848223913
9000314933
9290100149
9701288229
8505866422
8041017550
7893534260
9666566650
8297549555
9951134622
9848123669
9393184487
9705770255
8074989146
8814228586
9949229336
9849625143
7337338059
7207027000
8341137716
9247452865
9160273633
9912931250
7200227985
8879194803
8071264836
8187003525
7729071038
8647256832
9703114507
7207353493
9492279422
9440984984
9989777662
9000575938
9177113052
7013443395
8977647009
9296108665
9700607143
9346441976
8121813140
9849627791
7032699328
9290439927
9397876970
7288991599
9849052930
9704475316
8121904562
8008878038
9441117278
9989758486
8500890225
9603156754
9640368191
9160915366
9849424218
7337555902
9505226123
8978737873
8074708162
8328182690
7032313546
9885780809
9010157999
9676314940
9553703737
9985052659
9849263883
8814210444
8814222221
8947231425
9866128363
9642881418
8885111789
8041017605
9966802709
8096181205
9494085959
9502254822
8143199406
7799889333
9291339133
8142244255
7396132748
7337555237
9908957143
7794993530
8041017596
9493212655
9100991708
9866347483
7093907762
9110399437
9989993055
7942845880
8010622622
8090905900
9493137318
9666517507
9966611337
7671035679
9494405688
9014700637
8068935614
9989379777
9736919191
8297079555
8019121297
8977575977
9010274460
9866457041
9247708799
7995659999
8626241144
7036155488
9573386005
9247125746
9985608857
6302832726
9966682677
9492772772
8008029399
9581116558
8855232084
6380754841
9848480679
9177194589
9491212222
9100656371
9989215656
9000033143
7799973338
8885694930
8929333993
9492143663
9440457488
7673941507
8855232078
8333037071
8790307992
9032777886
9700361888
9494395954
9133885433
8317602465
8341924145
8885111557
9620747979
9248599477
9700882441
9177267450
8674249900
9000878588
9985148616
9059977784
9618612292
9866059999
9951012456
9703403085
7013834899
9703164713
9885050181
9704519037
9885849596
9440525689
9701223349
7989106789
9642892153
9440400337
8688177402
9515089949
9502774315
9150175985
8571222547
9440249087
8041295616
9431333999
6281056519
9966270009
8500220333
9991118301
9032500575
7095245851
7013894678
7893444111
9392901553
9059505650
7997993421
8071326890
7013364594
8019300611
7674985356
9951735320
7981400740
8552358462
7670910555
8048740484
9494896652
9848586922
9885258585
9398234647
9966628888
8812237664
8812220550
9490960054
9966874687
8499966490
9849546805
9441332999
9949749744
9866739329
8855232180
9133583344
9985689999
9849812177
9059050175
9676233445
9949565275
7997747999
8688888843
9490839105
9100042430
9703713758
8500222480
8624220455
9700768383
9848893851
9398704213
7989798294
8106279555
9885009632
9849777469
9666848224
9703104858
9441599784
8977484847
9440919276
9014551298
9553366066
9393979269
8978431114
9441119897
9347186110
8185818147
8142594889
8790269996
7989454897
9966977879
8333855550
9959596391
7036512365
9848128498
8645232689
9849323300
9959111977
9866909807
9396661247
8096055922
9739252329
7569121205
9908498933
9966113691
9581477944
9959517774
7093445476
7396352482
8008590559
9494797847
7780684275
9885449384
7997730908
9848862060
9133210563
9885133663
9866155645
9959111936
9246783817
8688885851
9848413124
9490615329
9177416037
7997004332
9849589165
6305601091
9581818143
9483849658
9982407407
9700046614
9949193534
8044926540
9542863536
8886149777
9505167633
9154912446
9494705353
9885945463
8106129088
8520972737
9290578781
9000455105
9948259967
9347344140
7036214666
9703429849
9490202008
7729081524
8074959882
9955524433
9491508001
7875213794
9440736689
9014848533
9949500070
9866411194
8919280402
8074055285
9000878860
9397918605
9949250555
9908569555
9949229036
9493713638
9949210555
9542871374
6300033477
8317619026
7036783117
9032276541
9963650958
8309272269
9652793529
9291112237
8247804680
9951564594
9121509663
9652516656
9885779060
9701970177
9440704117
9014085611
9966031000
8886249949
8885886455
9440349333
9000296148
6302839852
7799304202
9440292440
7013134001
9505000916
7661929353
7780751363
9000858915
9030530933
9550507517
9980766014
9553061872
9787630216
9989759516
9440281877
8977538936
9492120087
9573621690
7095712345
9705006699
9701594847
9701849412
8512228248
8004107711
7337555892
9346524123
8814222567
9966996306
9912026084
9440739915
9100935655
6305411877
7995231113
8328275779
9603333339
9397090457
9849267559
9618154119
9515557999
9866456814
9502519092
9154675610
9010815477
9989429662
9010534486
7036973250
8985938654
9440814192
8813221093
9291688737
9000410075
9949940094
9666962121
9885622563
8978904564
8945243288
8626244493
7995854999
9849267226
9856867777
9666511470
9885783717
8674249691
9849289845
7396171888
8712375131
8008909023
9110343543
9494293999
7095545554
9442329734
9949666735
9866422613
9246629129
7549997999
7416498434
7386301676
9182766448
9440744232
7981832783
8106090807
8945294469
9618353932
9573320921
9030473526
9440556725
9160201110
9743424588
9143143197
9550111314
7288838685
8945241111
9985494533
7095123657
8297066060
6382546147
6281530233
9440829644
9959706978
9246299930
7416341615
9290813666
9381663926
9989945579
9848282380
7842275434
7386021448
8903186783
9700567785
8645235990
7386517704
8985627284
9966190455
9959036366
7780174149
9100633677
7416495269
9885012999
9949395915
9666432375
9441393147
7207955655
9492940956
9326719291
9290527835
9052221002
8500006130
8897941357
9866126354
6000860008
9502279229
8674242703
9848064567
9480661093
9100034433
8121906301
9581435362
9000192412
8919366322
9396795461
9866866125
9703335786
9490518931
7386465465
8688618982
7672016211
9440917639
9966537207
9392329618
6366550495
9948092574
7780576290
9440729534
9603432766
8626297555
9266767323
7702377666
9440268188
9848970577
9000666419
9494626418
8432781111
9491204553
9542620473
9494504674
9848182086
9491000910
7299667892
7386048524
9989855342
9550612526
9010208571
8978853330
9701707087
7799009925
9912968195
8309552554
7396518259
9963623988
8143569800
7794064939
7995452990
8125552129
9700508030
9985299123
9949619305
8555077491
8069248288
8978585787
8019808294
9542092555
7095123892
8499874630
6281610669
9347330267
8008120104
9573960035
9908627724
9032828585
8330990551
9247222247
9700045268
8019757452
9010006140
7013658398
9246157358
9849922348
9959584489
8008575303
9985266439
8498833663
9711737738
7306060240
9908100999
9491981236
9030131342
9989425028
9885209795
7780316465
9849363316
8790944311
9177566143
9952625459
9381493865
8978737575
8555083499
9666672229
8552226793
7674978485
9248015550
7330732888
7601054075
9849847517
8247434545
7997041832
7032164353
9010547597
8886272999
9704949199
8500850373
9963180069
9866026306
8662577279
9246433363
9948409445
8712630334
9177337837
8919295778
9885228856
8945241169
9394858999
8041017602
7702875958
9133177316
9959944464
9866226652
8558224883
9705790579
9121213301
9154224117
8142929691
7013602866
8179939614
8466933777
8500718785
9030553072
9989492741
9247464371
9885381306
8309214447
9885275722
8047630574
9700335675
9290003410
8074898417
9949940027
9885953733
9100518810
8062915980
8571226493
7411781298
8297439872
9550395522
8074536366
9030080296
9490644018
9585063602
9703293003
7893498808
9393665656
8099343322
9966087786
9032445186
9989619497
6302101505
9391368402
9398873124
9949458789
9849574660
9063677277
7672096861
8712357999
9052617192
9347314007
9949814812
9000714376
8374649811
7799413274
7569119447
8688948284
9666004143
9866155909
9959973748
9291666143
9394722111
8374262369
8641234589
9640702122
9391958315
7093000839
7386699058
7899903514
9032069639
9676259001
9290555223
9666388854
6304858237
9948228683
9490575555
8712172375
8185883377
8374324948
9000628275
9963869652
7674919986
9949646757
9581142315
9949014446
9703839370
9494952020
9492124906
8919595123
8008840982
9642331889
8309660258
9581956898
8988878681
9849519952
9346185251
9948899227
7780353541
9299951234
9989898089
8885782551
9441361168
9908805333
8919253015
6281906647
9642108849
9440949316
8185062434
8919022245
9866022774
9063163555
9949610502
9701896780
9885600280
8331869609
8625256092
8885588736
7799382857
9951458705
8341907274
9160753202
7659959533
9440362516
8985678493
9951181367
9704990312
7799770190
9640735732
9505225499
7801019492
9985945089
9246617816
9346080480
9866263182
9848678831
9032871954
9989508850
9032437100
9398176499
9885883108
8050848334
9985980451
9948163007
9866022212
9948114000
9440838535
9985025595
6303362759
9966190905
9182908187
8648226226
6281093803
9010727793
9133712019
8143956888
8555976776
7039002282
9849652502
8686703060
9959496946
9052904030
9959633359
9394235623
9849127749
9951169104
9000079298
9247760017
6126727980
9182720815
9490780081
9014116070
7989070832
9581052989
9704490160
9949097049
9505154650
9347566388
9480331345
9963817089
9985261466
9966357271
9440519618
9908899168
7032018209
9014723980
8778387443
9666629866
8555980391
9550913955
9866224247
9515045799
9959225740
9440181728
9390320779
9985388651
9392703590
9100703226
9000668833
9246670187
8924299939
9866852285
9966881293
7411781300
8924222158
9866638967
9100688595
9848068806
7893916009
9393145777
9949421444
9640116138
9912012765
7358465199
8886077683
9704022080
9701116029
8099281872
9052515515
9885885393
8143729024
9010086189
7382971128
9014349307
7032056555
9885551814
9177298039
9160997383
9398837265
9030239622
9160915473
9397199599
7013894730
9705287004
7207424701
9494943366
9440237141
8885012548
9912131175
8790571220
9440740293
9014331333
9441983476
9866928651
9908206477
9550424865
9440244453
9849226929
9440776228
9347739300
9985656599
8099354700
9703302126
8512250705
9294009007
7995111136
7013240359
8019977441
7901404999
9014278088
7330673933
9908010614
9110516353
9182430789
8465033350
8008577366
8071408352
7013280310
9110568578
9290045157
9963813631
9642723753
7337771311
8886546446
9100510101
9133858042
9989028685
9177470404
9989980097
7288961135
8367716948
9985111811
9299257975
8662572286
9908162069
8044939685
9524777779
9848249527
9121055696
9908965365
7306991999
7799499849
7799786912
8044928258
8044926203
8125368313
9959699988
8186859565
9955336623
9515063344
9553488008
7207755382
9502324013
9966332319
8309033293
6361869206
9000656514
9705613275
7386974794
9866582013
8500706364
9985243774
9391427748
9640403040
9440457749
8297927777
9568666888
8818229224
9030278393
9666644404
9392996700
9052059171
9603565222
9440474747
9966067765
7989174160
8340889417
9494555447
8818221381
9440146559
9885199977
9502504602
8121252047
9246477666
8818221680
9440999088
9848087600
9705506355
9110515051
7981230440
9030200445
9440474678
9966946777
8121463074
8818224008
9493555253
9100510016
9440013128
9666566662
9440571818
9885970273
8044939687
9502438444
9849492726
8008577030
9848382088
9441906786
8942228699
7075732018
9513184489
9133266251
9786589147
9704733417
8886657980
8942227785
9963891485
9440319600
9247127639
9703522111
9848193765
9000573434
8897678788
9347738778
8814228930
9122577777
7989264025
8037762169
8814224710
9948599546
9676608284
8143722201
7382050777
7901550099
9000450300
8596222009
6301851911
9391417596
9948881831
9121149449
9032636174
9985239590
8499902277
9440688252
9044337799
8855231993
9032290433
9848085277
9666155566
9866824365
8571220345
9052112455
6300584689
8571225559
8571222166
7975708181
7382406555
9515918024
9440002808
8074151465
7675931149
9492076119
9949571969
8688696869
6305520814
8309563946
9246915044
9920874776
9247820468
9700459901
9885838846
9440325176
9704253634
9440205114
9949127729
8552221022
9640564081
9391417497
9703179879
9908081555
9761089999
9240083061
7396623999
9522866999
8674242712
9160439996
9719429999
8666627567
9963889366
9391417567
9849583974
9676343343
8919589987
9963804488
9059674992
7947479836
7981480124
7207650499
9397108109
9281014162
9440983668
9010815646
8647253253
9866826296
6302413587
6301305779
9849431965
7947479831
9246456206
9290094078
9010196493
7331132203
8643221066
8885667070
9848587664
6746172518
9392160489
9550469143
9966300999
8924225779
8071326722
9888964446
9182975630
6309977779
9849135358
9121166920
7095178568
8106226953
7702228698
9885108000
9441662948
9182445579
9291599466
9908506119
8464999920
9693917688
9391602300
9908720786
8712457557
9884055415
8688837750
8662571983
9346459428
9032078033
8463924483
8463924903
9963324865
8500068486
9966221218
9849235760
7942762697
9966756601
9010557777
9346687693
9705550055
8977403551
9700555397
7993988755
8374186789
9441914642
9491925251
9859991991
8341888860
9440207366
9441854335
7901220777
9440664662
9490539163
9963699979
9491291002
8099933308
9700083476
9490486781
9865938306
8596222982
8328369563
9248011858
7942812243
9642233455
9490175940
8008803503
6301958505
9393840955
9391927770
8247630892
8886498882
9502568731
8331820242
9498080898
9885555183
9347411287
7702730030
8096903555
8825220163
7013789949
7942813314
9384805574
9848971796
7942877835
9704036658
8247382437
9182381368
9490789495
9640502024
8096818646
9703336116
8125302246
9642607979
9885079009
6301851915
9177519551
9133049268
8836666680
9000996999
8520807893
8832499066
9498054256
9505975970
8886296661
9985051244
7729029088
6281829356
8985403630
9493797319
9948202323
8832443335
6380026596
9492381308
9177852526
9542637116
9849520517
8919144025
8897622296
9248094455
9848377695
9949173883
9618971911
8143145383
9553887108
9908286174
7287049516
8626251188
9885026273
9000119990
9930646982
6305991534
8922235500
8291029584
9676712999
8459179307
7995277758
8516916916
8922252900
7416264455
8500303003
8099118060
9885875717
7842333399
8074896609
9398485699
9292459459
9052703828
9848163050
9848586116
9015964626
9989281413
9985786666
8037762185
6301241073
8978126757
7382333315
9902333311
9390019331
9849668466
9182212221
9491206141
9963361515
7989423639
7942762768
8374444414
8885858895
9493999983
7331192999
7420014074
7942845926
9849835736
9494645681
9347951605
8924221333
7004375488
8069248267
8924222900
9346050403
8185870802
7981317178
7901241330
9550921326
8977331660
8977599995
8019912235
9652757565
7396596433
9739588365
9246630957
9848520848
9032747315
6301042530
9396225293
9177930164
9381141518
9014312825
9059050410
9908968639
9885270817
9603554535
9492606970
9542099972
8019199129
7594002510
9704165134
9866281355
9885942135
8121212449
8879935417
9160126206
8674243494
9618627774
9505716269
8885909052
8919181844
9010144141
9440388919
8647254645
9391261611
9392939449
8328451389
7337206110
7947479872
7995959939
9849694560
9494504320
9059931758
7330900525
9133906563
9162828362
9985555946
6303817808
7947479900
7013006011
9010775599
9390593232
9515452478
9949894891
9505555673
9490592073
9866917393
7331112228
9849296408
9440830031
9247266674
8106802134
7794917109
9182075118
7842007827
7780663467
7386622463
9848756106
8978154033
8074256696
7382533644
8333997836
7829444644
9966336027
9492879797
9700929281
9704178881
9849229565
9573682900
9494543819
9505213766
7702714814
9014314090
9908020821
8647255466
9440712886
8019931254
8632231188
9246402174
9848613780
9866025075
7799385828
8520027510
9849665505
9966961566
9059459701
7036401829
9030751917
9866508657
9985882411
7013553440
7337256555
8040184450
7288978212
9346347625
9133533883
8068426654
8922233528
9866682886
9866193089
9703344483
9490231698
9441518705
9703575810
9000206864
9959225688
7337042340
9513480480
8556222629
8623242040
9603553355
9985761069
9030492829
9121650385
9030227759
9040069626
9866664517
8106818437
9866828983
8309597566
9848302586
8942227691
9440115686
9392323974
9440383409
9440937584
8985446661
9492327421
8660509448
7358897492
8570255202
9441774863
9494311333
7013371641
9290996681
8008123412
9052052068
9912693720
9091108108
6301817729
9133711823
8897584242
9866728920
9398661909
9866318017
9848357543
9441107642
6281252588
9247142035
9218169274
8106454599
9059493661
9492000876
7013312462
9959952358
9490882020
9441444639
6300872151
9848169811
9030329087
8978343809
9502078900
8071331055
8919091433
9966693997
9526953183
9490155443
7386767596
6383529821
9966322889
7416523128
9885022444
7338826985
9490165695
9505671395
8179719799
9248017276
8712338999
8897873468
8186919636
9441273879
9030400551
9352568128
8571224515
9989529034
9618918968
9866624660
9963977775
9618653325
9391838407
9856009856
7337586718
9000917123
9703859593
8080599778
9154222444
6303168466
9848930139
9866701426
9533329591
9848532644
9494477561
9966843406
9849614829
7893948606
8121827770
8639000687
9440215158
8044630730
9247382266
9440559307
9030804367
8572233753
8688720723
9440393023
9705493605
9441065694
7569870291
8309276769
9966805786
9581020193
8688922464
8985539537
8568286349
8978936785
9963716293
9966823300
9640177722
9908273744
9573466266
9553339116
9247008887
9959938380
9908732193
9398404095
9700275111
9866554055
9182637292
7386799999
9346346402
9347900900
8644229197
8644225159
9381378035
8672222688
8121746588
7287035967
8501957868
8672223555
9848569772
9182565321
9290187792
8886644868
9014163786
9848168363
8019895845
9030236306
8919200480
8099175165
9966744466
9640821617
9966236246
9396867779
8071655205
7075645225
9440372678
9966150964
9440243888
7013421109
9032735199
9390323349
8978837520
9494908820
8978578861
9573333945
8555898757
9553285959
7382559125
9959793931
9581454444
9848114286
9642284690
9490522477
9291277771
7382027643
9347897769
8073272414
9110771799
9848039909
9949334908
8592233315
9966281577
9618426422
8328381456
9182557626
7416166138
9486990928
9182763376
6281003735
9154708090
9154528995
9052486430
7995880105
9618798712
7386721114
9398687467
7036098994
7032525185
9866040174
7793908987
8498882088
7386048000
7569717461
9441956174
8790105868
9979939142
9848116222
8019324093
7396269495
7660806740
9959164945
9502386301
8812232427
9289922629
7093180646
9885519790
9490296667
7893657999
9652125555
9247462986
9849532166
8143695125
9440456268
9949908244
9966311192
9866129500
9030311009
9849692998
9143143811
9533337756
9492828320
9533338777
9494555291
7729011777
9030584542
9440823563
9177820924
9666653959
8004252858
9949961680
8592221634
9985424415
7702246578
9908826818
6302123252
7660938321
9848732555
9014974878
7661830260
8662974559
9010221494
9032528889
9490860622
9889889508
9866000440
8886567089
8008333393
9980454998
9849183517
8143815971
8121311061
8662422564
8662424934
9848343472
9948102259
9849560827
9912945888
9848560054
9182882112
9912387786
9440279260
8106018518
9052006555
9392545549
9966658346
9010163411
8001211122
9912698810
9848377354
9885190750
9573300064
9440019170
9642599105
7671069503
9618408176
9247712153
8977079082
9440686950
8985053999
9440353009
9701638359
6305478951
8686427325
8832444620
8832464144
8790521715
9347321354
9052232522
8919806671
8688850007
6375180108
9949351433
7989726703
8008847993
9490361972
9032921115
9440687221
9100970091
8369463500
9885500708
9121818866
9912099346
9440586570
9440664181
9985571494
9440607924
8500661113
9676190166
9666657567
8812230303
9492489153
8500038881
8121034590
9949947132
9848129143
9052741977
9885412118
8836677661
9951331136
7207555556
8046512157
9246654144
7730074297
9491048784
7702871119
8624222248
8624252419
7730088444
9063793388
9533336383
8897052386
9247465580
8832475008
9133226281
9182132013
8555885017
9949156564
9989609975
9440245981
6300922738
9440732301
9948430568
8500700711
9014452814
9704866888
9885155451
9246665498
9398977522
9010281111
7995495959
9908106963
9121405050
9030203784
8008494496
9848797412
7286814030
9849353500
9866714658
9030990900
9704203682
9440645676
8099946296
7095722973
9299998080
9703322215
9014088467
9849608815
9701803902
9849263103
9701268886
8096009962
9949966857
6381703183
8178025738
8792013447
9700693478
6281312384
8500300415
8885552977
9160345682
7989917733
9849542228
9966768411
6303588697
8897330643
9492224145
7337533005
9381516178
7386308788
9581322888
9059900004
7799990219
9494640462
9603061003
9550660670
8562272836
9182841278
9959999979
9010959797
7285962016
9849310818
7758995355
8331918417
9052311522
7893884757
8832438071
9032321122
9848840908
9440177573
9700833999
9247732075
9704586733
7702011522
9949050002
8047027149
8341726668
7997991397
9581239560
7780512860
9000340818
6305093535
8179334445
7799675333
9848060615
9052222695
9059511104
8019874297
9849397733
9030469830
8500559305
8832425741
9063072989
9885888909
8578221144
9642598987
9440224393
9700818420
8886553564
8297481733
8329894792
8500842125
8019990590
8554251234
8008594945
8754469985
8008891047
9959758324
6301136873
8890843647
9625575555
9895889293
8885806130
9640490859
9966263868
9676381463
7358258385
8555808771
8331034466
8106108827
8977057881
9441040731
8554274002
9849548893
9000203679
9441902204
9000060770
8500607999
9603222719
8518221500
9394883049
7097100971
9948765263
8867700562
9440574917
9440248276
9440248401
9949443329
9550464442
8142609216
9246668692
9849979215
9851247365
9040900492
7036774462
9848626826
9440193650
8019184151
8185802956
9000014108
9014737777
9392625858
9052316888
9133932399
6281303065
7942813659
9701225799
8500434569
7942876807
9010035559
8816225669
8977743275
9885670256
8068426657
9849311235
8816230555
8463931347
9491517755
9398223232
9538572666
8142221695
7036844045
8514222212
8514222291
8514245334
8897744048
9866247099
9561423585
9440291300
9014820320
7947479789
8919396627
9703430506
8660515782
6300054793
7658942130
6309456553
7286997186
9291081084
8074624287
8074561505
9030057777
9963913320
8121292920
9494446686
8106663105
8074838577
9848110919
8328189200
8556226777
8556227779
9912345541
9281014164
9515428488
8877992289
9985175992
7989562357
9966131693
8555805858
8071576042
9848911463
9494692894
9848677525
9703484836
8644226060
8885888516
9032555639
9248495999
8071629857
7382507799
9985856108
9804040456
7013400594
9441690237
9014206867
8037014009
9392155656
9032610100
8096391110
6300273041
8672225200
7013798645
9100903852
9440242799
8897678767
9246644899
8639027967
7942876859
9780714714
8099255555
9705622111
7942810811
8592233647
9885106121
8068426607
7989662047
9490175908
8885557620
8592233173
9866395416
9133317811
9948517949
8106106512
8500388881
8812288299
9848671313
9951808899
9985630760
8068426685
9949863687
8812238538
8096090301
9246678890
9948423233
9346944389
9494893336
8842383366
7396494444
9030773737
9542524200
8071858871
9848338487
9505244455
9848333679
9851688999
9441177776
9866369153
7799722172
7399942222
9885968996
7997282729
9246642899
9848034711
7200333250
8886752777
9849763445
7207486744
9989252999
8832445679
8832448777
9885959013
8074331574
9849664860
8790909648
7093393435
9949278777
9246395566
8048045203
7386665786
7448933747
9440247891
9959639311
9440285945
9177580401
9704362345
8071890027
9597552072
7396595929
9959214052
9949045910
9949940080
7893413847
9848000611
7013338503
9949784184
9032433345
9014771045
7731933395
8074147009
8886893739
8333891166
9392339556
9885457833
9985099482
9490658835
8002081234
9652427709
8512220240
8657568648
9963052573
9642666919
9849916756
9000748777
8074866103
9440324116
9494748600
9966650505
9949456667
8942222156
9133090256
8143672299
9030607016
9059036345
8712341473
8328256030
7097661786
9036454649
9848863236
8688123064
9052181777
8047027146
8044953811
9502059777
8041017603
7039001475
9700306777
7893939337
9010855118
8317678919
8340840897
8885638989
9848295244
6304502065
9985155555
7207299998
9866835102
8125634099
9848212453
7330723489
9966087009
8130181301
7386455106
8070743743
8885824288
9246277727
7948058652
7995002737
9393996467
9154281136
7842000070
9640755559
8885156688
9398617144
9537622758
9100373806
9666913613
9989120558
9849316984
9676504174
9247103929
9396705854
9885674466
9966665334
7416770618
8985276677
8912783575
8309354865
9959322103
9441598676
7396660211
8121363549
8672222728
9993378781
9966330014
8672227000
9291612736
7893432714
9492010356
9704442318
9866865117
9949057884
9652818105
9490503034
9440044337
9248155336
9246927282
9848121918
8897854252
7989229122
9951857317
9398223127
9182251020
9182079760
9948120705
9951150405
9866438473
9160223359
9246921177
9030390802
9989045686
9493008238
9505897269
9000833833
9440942049
9945157783
8562241676
9985246633
9441402970
8919039964
7569064317
9966393532
6300972292
8499969449
9849211118
9885389000
9959696508
9959275200
9346081444
9848872866
9492295224
9493579797
9550124792
9866844488
8977718817
9603266366
9355834351
7993885519
7036386999
9988787666
9615155999
8856232337
8856232496
9346971808
9494486669
9346993809
9391417615
9177437018
9676739096
9948773434
9866826022
9866775590
9440988025
9248133822
7995246413
7036179729
9542954449
8500081885
8186813443
9032081338
9908258888
7396684933
9866411390
9848682799
9390257990
9542522232
7942876769
9493704797
9985831850
8977054254
9912107506
9493772668
9959225945
9030929252
9246639009
9247478158
9573720839
9490904415
7702891260
8341512819
8977929909
7075867027
8977760748
9989811959
9849187476
6366667475
9642357589
9848048128
9550321383
7675032922
9290238883
9848903025
9247417099
9491929903
9160858258
8639767660
9951111111
9246651059
9951710101
9703033039
9949502144
9182520126
8639391925
6301361457
7997992636
7013101367
8096188777
9515071277
9440145222
9248419345
8341027748
9440578757
9848544422
9966051892
9100594499
7093747129
9014235192
9505520472
9848997777
9505345123
9901172626
9959247279
9394971117
7997918888
8074483355
7382342099
8645232203
8639159617
8639851852
9441294481
9177741113
8985952055
9177443615
9613456567
9494000886
9908437731
9246696686
7995859554
8309125122
9133442202
9949342799
6362536294
9989207479
9110588474
9666385602
9866270962
9177659470
9441589270
9866125577
9014703147
9866509312
7288955897
6300552027
9502845306
9110317345
9491132644
9989895491
6281482624
7670907872
9912699789
9848984457
9885509354
9000957727
9030210609
9848850116
9246985444
7993542605
9000078896
8512253785
9381559035
9553334399
9397056287
7896989232
9908379017
7358070080
9849417837
9032061508
9666392109
9014722940
9618769769
8688226240
8886520942
8247893572
8588807298
9030877425
9704951982
9885528103
9703196139
8919051038
9133610310
9240221889
9347077194
9849598314
9492757546
8185820257
9030333980
9992755509
7416414600
9030444798
8790488412
9963224177
9491586951
9440797105
7799975333
9848167591
9440247987
7947479790
8500050159
9440355060
7386064059
9959659704
8647230007
7989974161
8647220229
8374692277
9963934527
7731060846
9908632732
7702600272
9553776398
9440942066
8644225566
6302564324
7981563549
9390327744
9492982212
9948225874
9666314449
8978487807
9524571116
9000056116
7989176519
9700352020
9849987999
8106572162
9573649985
9948769276
9640586446
7995072664
6300171647
8942222293
9948263919
9618352274
7729975080
9494964459
9676704392
9963813486
9949021468
9959805754
9391283576
9440639268
9666917474
8463931721
7003292507
9440171297
9908700882
8121612187
9848647285
9441078784
9948803082
8555811855
9553369007
9100381789
9885651439
9492946080
7330710371
9440726539
9111988808
9121846826
9167835555
9866424509
8623244355
6303836063
9491692588
9989998070
6304480198
9848749161
8886688864
8554242425
9701491779
9187375578
9841707577
9441882995
8570256623
9701642425
9849796555
9244336666
8096977977
9866457490
8309684430
9866164991
8121266257
7207766842
9515544442
6301182847
9885037566
9030600794
6305211884
9246940606
7008480334
8179106488
8247273144
9573518698
9085916916
9848698916
8074477686
7075923420
8523018275
9573205115
9290087010
9247466793
9848752529
9177018634
7661943142
9000160088
9393935141
8074316455
9030953009
9948816318
6300433675
9187777777
9440420919
9848447494
9000240700
8819225333
8071654939
8044939709
8688340514
9666705703
7799844544
9949255429
9491925688
9885563555
8266896689
9848477447
9246664866
9505680687
9603539353
9059975699
7995014274
9133277752
9440287755
8068426608
8341214972
8886660108
9949549697
9479478471
9000385372
8518352000
7799806143
9440292559
9949997018
9515036205
9133999989
8518246377
8518240567
9885581143
9014830975
9703058530
8985965598
9866667881
9550256999
9885424111
8247054587
9900464646
7207717944
8772222492
9392255280
8500020615
9710810813
9959957633
8121713009
7013039246
9652099444
9296953739
8632223430
9493116078
9393074032
9848698481
9866488474
9885161899
9493890123
9492890123
9394599955
9160008901
9885549304
9949985514
9440751568
9440281194
7702155657
9866024908
9642763510
7672080881
6303476163
8367635678
9949933083
8897149514
9550752939
9908777222
7036088824
9948141476
9247118764
9440254161
8885861470
9494954218
8886422649
9949595090
7995154867
9849136394
6303473481
9848253671
9441659637
7780623199
8977991144
8309010023
9666154524
8688888903
9848293313
9912371255
9032990099
7093615900
9000707365
7799881165
8885578016
7013469420
9391612368
9000394573
9966250045
6302816263
9177536222
8143646043
9346511901
8143674757
8328656753
9848776480
9703046705
9490350427
9849849824
6309192250
9441204489
9440567335
9885777379
8099380354
9848037657
9542399345
9440651960
9949398161
9989499932
7788993939
9347729708
9441468940
9440841324
7995608385
8801418458
8500273929
9393628455
9704933319
9100408505
9963521144
9577334499
9347466546
9848371133
9705222844
9502766817
8814222662
9247466460
9959561922
6281869923
9246462676
9603031755
9949775330
9666584271
9492525586
7013303323
9391339165
7675991777
9490280025
9182337723
8977255714
9949964923
8639484911
9494468922
7036399997
9866529205
9848654564
9848472621
9177964999
8555818946
8047027162
9440582006
9347809460
9052912888
7893403344
9849198494
9573012442
8978601901
9110729757
8333809999
7337552410
8886786761
7382082555
9100752753
7661970223
9441450865
9703577784
7799357979
9966242554
9440524435
6303980538
8328019264
9963152003
9492337744
8801148687
8626251999
9849262473
8499934819
8121157719
8985620038
8074872516
9848246418
9494951436
9908755118
8985837642
9133031531
9491377026
9490103958
9959987442
9502336015
9666072831
6303223383
9154260555
9848430006
9618997769
8790988633
9959592564
9490607573
9676323455
9440999581
9494569822
8112188888
9985688034
9959000898
8332990331
8497009915
9063171786
7799591234
8106348584
9703777686
9848087880
9502354460
9052507754
8037513750
7306037772
9642961945
9985942862
7780127515
9594820169
9703090901
9949820547
6301735271
9989693143
9981611822
6300628712
7801033370
9848546231
9986612121
8067518078
9666480600
9542299444
9848279000
9441157320
9906170125
9492081033
9666004043
9701769565
7290022123
7416616646
7799772651
8912566656
8985898866
7732044514
8912558162
8185921684
9885011347
9849727146
9398994468
9848031158
9866234979
9676370616
9848878663
9912283966
8912564825
9132743999
9052177377
8662441116
7042424242
8125818282
8008588871
8226822662
9491323838
8922224034
9440532952
8977936373
9000437300
8750687505
9550232721
8662535595
7330984620
9949142891
9009001489
9490272227
9848125539
9059179779
8942226222
9346222567
9440838758
9849387474
9440195005
8069840341
6304587930
8297554488
8985443072
8632223456
9491616663
9010177709
9912912510
9490725164
9494149888
7075560655
9848526555
8818224555
8037513853
9494470477
9848222113
9121922992
9440706908
8291540681
9441083001
9010891196
8688485868
9133033354
9866599955
8885842585
9885534444
9966795208
9959579984
9392113553
9866567567
8816223316
9010900024
6309250666
8121923458
8816222021
8790743815
9848699823
8328636407
9908963567
9032886335
9014016943
9848966218
9440964329
9440799030
7780747774
9000600460
8247086356
8247533244
9908777762
9573688534
9392512056
9346922541
9052501910
9866182225
9063662728
7337445797
9494865856
9845878643
7330907979
7993881135
9000304272
9290746278
9246617500
9848023932
9154682872
8179691643
7993510193
9848091691
9885697969
8596222459
9440217456
9951177071
9848491891
9618150555
9949481952
9030922889
9154815191
9573788999
8047590298
9347756666
9966471628
8856238199
6301121081
9666021878
9000076460
9849172905
8297311251
9030778229
8332912209
9391006478
9440267142
7780375361
9121993726
9502694212
8975119070
9515849005
8512256499
9849956464
8555877523
9849836921
8333089649
8047590248
9849123222
8919230567
9441413827
7995943989
9848737775
9000566601
8185959118
8247633593
7013537325
8008572629
9885233262
9866913354
7093707056
8041295534
9966512376
8074944033
9391038110
9985688968
8944255462
9866733669
9494778863
9494205890
9849471714
9333333557
9121297777
7981017170
8328055898
9110746440
9949977968
7093774797
8520000110
9748243316
9440983816
9398183276
7893707899
9949725645
9347711011
8247095177
9246456219
8662421304
9985897342
8186087072
9177755775
9346422962
9885321866
7891288999
7702770213
7305770577
8125245525
9030334545
8912549663
9966354003
8630000952
9885545139
7382012357
9493181317
9963333533
8500809550
7207453127
8919322121
9292009333
9494728222
9032811227
9177655356
8555856104
9177666149
8096666070
7075451759
9160241069
9393938011
9618159662
7650999976
7093414449
9848972659
8555816721
6302121295
9167996162
9440670022
9661555668
8639886505
8816222912
7670894446
9291901518
9991118757
7989929442
9652524794
9949172005
9392291187
8106111489
9515018311
9700202662
6304586029
9948313953
7036099321
9182526482
9848184743
9391915484
9885348190
9032305411
8612355577
9885070699
9949065734
8523045118
8047590128
9951995252
7799699920
6281855788
6303339737
9347523370
8520025454
9866654725
9885584000
8144224422
9000016217
9988593333
9177842098
9849670541
8523033222
8662573816
8340949959
7799779987
7036353948
9347234144
9440356731
9381564401
9000275716
9885758104
9885756560
7416324492
9398044945
9248165047
9866936985
9849232536
9542237353
9959940083
8688998855
6300295100
6303669969
9550955213
9949935545
9550264388
7989000633
8970045235
8071499723
9866621318
9398423270
9676235257
9440384309
9989574856
7993977797
9640842477
9848026510
9493310434
9966871577
9618212346
8333843980
9030283939
8125544990
9542788412
8247883510
9440428292
9100946460
7075703899
8096628888
7799990008
8498831111
9863636347
9491383444
9392187954
9550602045
9392933082
9494467542
9440673675
9121232212
7981574923
6300856275
6361513001
9966903977
7874816816
9966636687
7799720707
9666966687
9441368182
9989957301
7013243364
9848335997
9642011152
9494631275
9440713973
9492901632
9989033307
7569058252
9652899496
9618961111
7799890404
9032648021
7075454501
9963806150
9989777909
9247040404
9398616146
8500641674
9246661245
9848499497
9885179772
9502513583
9392391653
9160242074
9246434586
9542040098
8919617211
7799444747
9966799916
9885249017
9849150590
9848532678
9553888389
9393093817
8639892877
9490359934
9959596813
8374066658
8500554056
9642422223
9032123143
9035592198
8500500065
9966337313
9490737741
7416006806
9010649010
9986337337
8012233456
6304494772
8555025720
7396577177
9494873336
9848324543
9908844424
9346449616
9247772137
8333939390
9848584387
9966741786
9666292967
9515115103
6302544346
9441448980
8812221666
9949935335
9397144555
7799242233
9959212461
9440439099
9866229919
6281698606
9010366428
9704902008
9866236565
9885019742
7780769606
9966639960
8978886336
8668198393
9701250995
9000881528
9949403558
6366327888
9573520293
8897002529
6303628947
9848264515
9440455931
8978941143
9849465401
9866716682
8106473639
9848365601
9866647315
7680928872
9133595969
9397905447
7396433704
9160010847
9885400676
9963900692
9494980808
9966087111
9848692237
8341221448
8772222043
9441786439
8500562528
9036334466
7075219191
7989246689
8500044244
9849899609
8554220175
9866383176
9703429510
8647221456
8466030172
9848780524
8500659544
9292005292
9949087387
9966225882
8686730762
9441146517
9494776969
7997891110
8790255924
9652540246
9100314614
8333802589
9550141909
9985335254
9390908590
7222888440
9177965250
9177263484
9666292029
9346821292
9010606759
9182626233
9381686803
8977773143
8331033222
9030485435
7207399196
8179737475
8885888847
9440742202
9741364906
9959246648
7075571304
9700643424
9966959970
9908452257
8555829961
6300921512
9247572249
8977743272
8672221199
9652842056
8977196381
9666368629
9885125515
9849900934
9346885910
8801571844
9392235102
7815977207
9490246222
9502216436
9000478488
7207202722
9440144692
9700778867
9902702351
9440722399
9000795704
7780111734
9963835252
9182398119
7569244943
9963287528
9052238616
9949193371
8282897899
9949986156
8956689577
8647223021
7095908118
8819224056
9491629740
9866853517
7032854592
9908511140
9492642244
9951284704
9246730407
9985373830
9885331975
9866026305
8522000999
7382006619
9494449164
9701594700
7382104808
9778489999
6281570438
9491669320
8071629591
7670901414
9908852821
8688080027
8885310005
9440636555
8922276712
8125411465
8922228529
9440112986
9154294201
8500379332
9948462225
9153777999
9652562355
7075330099
9966600044
9030865101
8514242203
9885231142
8186038428
6281380891
8644238827
9912233226
9666676262
9493840811
8341135611
9885983338
8125919645
9394390818
8297188789
9440171701
9247909999
9908490182
9908237909
6304469055
8688556087
9177705349
9885045198
9885281322
9295958885
9848920767
8885523241
9398146533
9949858758
9000606262
8688923172
9949487383
9963741867
8074170628
9154294208
8832421644
9966654597
9441855999
9652365515
8722314077
7780306130
9392728637
8978936028
8518220440
9603447489
9966980022
9959900810
9866220853
9963827420
9298801589
9951168770
8143709900
9591262758
7842888860
9885135380
8885478585
8612358884
6301297083
9866721657
8978091414
9948672054
